##FastQC	0.10.0
>>Basic Statistics	pass
#Measure	Value	
Filename	3-003_M8_lib1_read-2.fastq.gz	
File type	Conventional base calls	
Encoding	Sanger / Illumina 1.9	
Total Sequences	7255107	
Filtered Sequences	0	
Sequence length	100	
%GC	39	
>>END_MODULE
>>Per base sequence quality	pass
#Base	Mean	Median	Lower Quartile	Upper Quartile	10th Percentile	90th Percentile
1	31.942272663931767	33.0	31.0	34.0	30.0	34.0
2	32.10499721093018	34.0	31.0	34.0	30.0	34.0
3	32.16473058219541	34.0	31.0	34.0	30.0	34.0
4	35.63339699883131	37.0	35.0	37.0	33.0	37.0
5	35.64891406839348	37.0	35.0	37.0	33.0	37.0
6	35.67059645019708	37.0	35.0	37.0	33.0	37.0
7	35.610099478891215	37.0	35.0	37.0	33.0	37.0
8	35.62858935092205	37.0	35.0	37.0	33.0	37.0
9	37.286310319062146	39.0	37.0	39.0	34.0	39.0
10-14	37.30276363946113	39.2	37.2	39.4	33.2	39.4
15-19	38.27548886598089	40.0	38.0	41.0	33.0	41.0
20-24	38.242979324770815	40.0	38.0	41.0	33.4	41.0
25-29	37.96897418604577	40.0	38.0	41.0	33.0	41.0
30-34	37.63508166040832	40.0	37.6	41.0	32.0	41.0
35-39	37.378425569740045	40.0	37.0	41.0	31.0	41.0
40-44	37.21960260544745	40.0	37.0	41.0	30.8	41.0
45-49	36.84558645379041	39.6	36.2	41.0	30.2	41.0
50-54	36.299034955652616	38.6	35.6	40.2	29.8	40.6
55-59	36.809251800145745	39.4	36.0	41.0	30.8	41.0
60-64	36.212564887051286	38.8	35.2	41.0	29.6	41.0
65-69	35.29960817945207	37.4	34.6	39.8	28.6	41.0
70-74	34.12115424348669	36.0	33.8	38.8	26.4	40.6
75-79	33.089088224336315	35.0	33.0	37.2	26.0	39.2
80-84	32.170398396605314	35.0	32.2	36.0	25.0	37.6
85-89	31.383489478514928	35.0	31.8	35.0	23.0	36.4
90-94	30.622792634209258	34.4	31.0	35.0	19.0	36.0
95-99	29.824307815170748	34.0	31.0	35.0	6.6	35.0
100	29.24553407689232	34.0	30.0	35.0	2.0	35.0
>>END_MODULE
>>Per sequence quality scores	pass
#Quality	Count
2	20405.0
3	4562.0
4	3932.0
5	4238.0
6	5337.0
7	6654.0
8	7837.0
9	9445.0
10	10918.0
11	12298.0
12	13537.0
13	14209.0
14	14957.0
15	15975.0
16	17022.0
17	18413.0
18	20276.0
19	22407.0
20	24809.0
21	28224.0
22	32257.0
23	37584.0
24	43686.0
25	52051.0
26	62566.0
27	75949.0
28	92655.0
29	113886.0
30	140672.0
31	175804.0
32	223048.0
33	288670.0
34	386130.0
35	548370.0
36	864707.0
37	1504617.0
38	1812320.0
39	514815.0
40	9865.0
>>END_MODULE
>>Per base sequence content	fail
#Base	G	A	T	C
1	14.146131068632956	33.89387445587903	30.59296474646643	21.367029729021585
2	21.72360092087966	35.20218384763828	28.44199465073197	14.632220580750083
3	18.78360072401962	31.525700987394718	30.53616983034718	19.154528458238477
4	19.04815922748739	30.747466705738148	29.650814277832122	20.553559788942337
5	19.758659768606034	30.708425901855634	30.48511740753187	19.047796922006466
6	19.918548410106148	30.133973213627314	29.73120865067876	20.216269725587782
7	20.35433103425462	30.23384993687182	29.9539357250368	19.45788330383676
8	18.883799899574054	30.71351079110314	31.01296922701378	19.38972008230903
9	19.095996169316436	29.80826458401274	31.37707781365445	19.71866143301638
10-14	19.466429566408124	30.624546885871172	30.459529451463652	19.449494096257055
15-19	19.557982715984103	30.439509872955174	30.43543240076297	19.567075010297756
20-24	19.625583483748603	30.44649868399561	30.382180907701883	19.545736924553907
25-29	19.654840184951937	30.489434015421484	30.262205457863008	19.593520341763572
30-34	19.692336047967157	30.435458235599754	30.237015695005947	19.63519002142714
35-39	19.712969644923	30.457028423725596	30.21542204218329	19.61457988916811
40-44	19.796644943710326	30.41819360401285	30.218122932132115	19.56703852014471
45-49	19.712477116830986	30.40300844747348	30.203194269833915	19.68132016586162
50-54	19.66999076545799	30.449036600760042	30.286494105312045	19.594478528469928
55-59	19.63974983849815	30.504492251798105	30.301259325742937	19.55449858396081
60-64	19.59954056086397	30.55579829644961	30.258983920126443	19.585677222559976
65-69	19.66756473527744	30.548794088642957	30.25053999764954	19.533101178430066
70-74	19.725642544650967	30.540891320297252	30.22395858015522	19.509507554896565
75-79	19.722405200412464	30.52797099034137	30.234494648697723	19.51512916054844
80-84	19.81487479439178	30.481366168970748	30.21946181598284	19.484297220654632
85-89	19.864810787039815	30.621280536432	30.158707404257722	19.355201272270467
90-94	20.1198263838056	30.603195792980635	29.933039819072143	19.343938004141624
95-99	20.517553107814738	30.767150587706098	29.586117082693715	19.12917922178545
100	20.658704962466626	30.663726689050087	29.495317167591818	19.18225118089147
>>END_MODULE
>>Per base GC content	pass
#Base	%GC
1	35.513160797654535
2	36.35582150162975
3	37.9381291822581
4	39.60171901642973
5	38.80645669061249
6	40.13481813569393
7	39.81221433809138
8	38.273519981883084
9	38.814657602332815
10-14	38.91592366266517
15-19	39.12505772628185
20-24	39.171320408302506
25-29	39.24836052671551
30-34	39.327526069394295
35-39	39.32754953409111
40-44	39.36368346385504
45-49	39.3937972826926
50-54	39.26446929392792
55-59	39.19424842245896
60-64	39.18521778342395
65-69	39.2006659137075
70-74	39.23515009954753
75-79	39.2375343609609
80-84	39.299172015046416
85-89	39.220012059310285
90-94	39.46376438794722
95-99	39.646732329600184
100	39.8409561433581
>>END_MODULE
>>Per sequence GC content	pass
#GC Content	Count
0	50.0
1	100.5
2	214.5
3	323.0
4	425.0
5	501.5
6	554.5
7	629.5
8	730.5
9	925.0
10	1282.5
11	1798.0
12	2596.0
13	3813.0
14	5173.5
15	6614.5
16	7897.0
17	9324.5
18	10891.0
19	11890.5
20	13267.5
21	16645.5
22	21370.0
23	26710.0
24	33671.5
25	41855.5
26	52844.0
27	66591.5
28	82510.0
29	103773.0
30	131752.0
31	165799.5
32	205519.5
33	249937.0
34	292837.0
35	332774.5
36	371786.0
37	403667.5
38	425721.0
39	438504.0
40	439204.0
41	426723.0
42	401973.5
43	371197.0
44	336162.0
45	297212.0
46	257789.0
47	222823.0
48	189691.0
49	159258.0
50	135908.0
51	111589.5
52	89400.5
53	69454.0
54	50152.0
55	37440.5
56	28702.5
57	21310.0
58	15970.0
59	12082.0
60	9285.0
61	6732.0
62	5401.5
63	4434.5
64	2813.0
65	1874.0
66	1349.5
67	977.5
68	721.0
69	534.5
70	428.0
71	364.0
72	308.0
73	294.5
74	268.0
75	231.0
76	221.5
77	204.0
78	177.0
79	149.5
80	137.5
81	134.5
82	131.0
83	125.5
84	105.0
85	89.5
86	87.0
87	70.5
88	50.5
89	42.5
90	34.5
91	21.0
92	11.0
93	4.5
94	1.5
95	1.5
96	1.5
97	1.0
98	0.5
99	0.0
100	0.5
>>END_MODULE
>>Per base N content	pass
#Base	N-Count
1	0.10210738449481173
2	0.07604298599593362
3	7.58086682939342E-4
4	3.859350385873013E-4
5	0.0016677907024665523
6	0.0
7	3.7215164435204056E-4
8	1.3783394235260762E-4
9	6.891697117630381E-5
10-14	0.023315989688367105
15-19	0.00844095062967369
20-24	0.0026464116931700665
25-29	4.5485200976360513E-4
30-34	1.2956390581145115E-4
35-39	0.0011495350792207475
40-44	0.002351447056535486
45-49	0.01195020280197108
50-54	0.005358983678669384
55-59	0.0011274816484443302
60-64	2.7566788470521525E-6
65-69	0.004868294843894101
70-74	0.005259743240175507
75-79	0.00198480876987755
80-84	0.0023211235892179123
85-89	0.004099181445566551
90-94	0.01302530755232142
95-99	0.007754537596757705
100	0.00868353836821428
>>END_MODULE
>>Sequence Length Distribution	pass
#Length	Count
100	7255107.0
>>END_MODULE
>>Sequence Duplication Levels	warn
#Total Duplicate Percentage	36.403390328372915
#Duplication Level	Relative count
1	100.0
2	27.633088487268502
3	5.698258265417107
4	1.5957209052848011
5	0.9006660011621497
6	0.7106992267234828
7	0.6570615492349181
8	0.520732452284816
9	0.5177525813132291
10++	10.759569110657509
>>END_MODULE
>>Overrepresented sequences	pass
>>END_MODULE
>>Kmer Content	warn
#Sequence	Count	Obs/Exp Overall	Obs/Exp Max	Max Obs/Exp Position
GAGCG	324520	1.0222963	5.1623826	95-96
>>END_MODULE
