##FastQC	0.10.0
>>Basic Statistics	pass
#Measure	Value	
Filename	3-006_M32_lib1_read-2.fastq.gz	
File type	Conventional base calls	
Encoding	Sanger / Illumina 1.9	
Total Sequences	9228339	
Filtered Sequences	0	
Sequence length	100	
%GC	38	
>>END_MODULE
>>Per base sequence quality	pass
#Base	Mean	Median	Lower Quartile	Upper Quartile	10th Percentile	90th Percentile
1	31.136375462583246	31.0	31.0	34.0	28.0	34.0
2	31.325360500952556	31.0	31.0	34.0	28.0	34.0
3	31.39082742842455	31.0	31.0	34.0	28.0	34.0
4	34.941573017636216	37.0	35.0	37.0	32.0	37.0
5	34.91826383924561	37.0	35.0	37.0	32.0	37.0
6	34.90237376411942	37.0	35.0	37.0	32.0	37.0
7	34.84419774782872	37.0	35.0	37.0	32.0	37.0
8	34.857921886051216	37.0	35.0	37.0	32.0	37.0
9	36.372092637689185	39.0	35.0	39.0	32.0	39.0
10-14	36.52236197651603	39.2	35.4	39.4	32.0	39.4
15-19	37.35832368100045	40.0	37.0	41.0	31.8	41.0
20-24	37.24665864572162	40.0	36.8	41.0	31.0	41.0
25-29	37.061705622214355	39.2	36.0	41.0	30.6	41.0
30-34	36.81436587884342	39.0	36.0	41.0	30.0	41.0
35-39	36.53783685233063	39.0	35.8	41.0	30.0	41.0
40-44	36.23013142451746	39.0	35.0	40.0	29.4	41.0
45-49	35.80588270543594	38.2	34.8	40.0	27.6	41.0
50-54	35.066010210504835	37.8	33.6	39.6	26.8	40.6
55-59	35.514008013793166	38.0	34.0	40.0	27.4	41.0
60-64	34.88557396948681	37.8	33.8	40.0	26.2	41.0
65-69	34.036896780666595	36.4	32.8	39.2	25.8	41.0
70-74	33.313807110900456	35.4	32.0	38.6	25.6	40.0
75-79	32.64312331829163	35.0	32.0	36.8	25.0	39.2
80-84	31.807651604476167	35.0	31.4	36.0	23.6	37.6
85-89	31.06908855428913	34.4	31.0	35.0	21.2	36.4
90-94	30.366747645486363	34.0	31.0	35.0	18.6	36.0
95-99	29.62038763422107	34.0	30.0	35.0	5.2	35.0
100	29.07556061822176	34.0	30.0	35.0	2.0	35.0
>>END_MODULE
>>Per sequence quality scores	pass
#Quality	Count
2	33653.0
3	7623.0
4	6648.0
5	7158.0
6	8318.0
7	10214.0
8	12371.0
9	15179.0
10	18184.0
11	20690.0
12	22223.0
13	23125.0
14	23464.0
15	24503.0
16	26037.0
17	27533.0
18	29713.0
19	33337.0
20	37532.0
21	42951.0
22	50509.0
23	60132.0
24	72080.0
25	87371.0
26	106097.0
27	128656.0
28	158273.0
29	193143.0
30	238204.0
31	292770.0
32	366711.0
33	464184.0
34	605148.0
35	819543.0
36	1203190.0
37	1813827.0
38	1712130.0
39	417463.0
40	8452.0
>>END_MODULE
>>Per base sequence content	fail
#Base	G	A	T	C
1	14.301246052084265	35.2172319737538	29.798405550050933	20.68311642411101
2	21.373309367395485	35.37941227092435	29.212442778505398	14.034835583174768
3	18.46778590933679	31.917029190140806	30.982862296727586	18.632322603794815
4	18.752699614333068	31.352196589356286	29.967458336810004	19.92764545950064
5	19.288063977250992	31.25554650666935	30.63613669995248	18.820252816127176
6	19.43304206748365	30.501328570612763	30.18705749756267	19.87857186434092
7	19.88524695505876	30.59847498016707	30.30606049474342	19.21021757003075
8	18.48857091184015	30.941700342824426	31.426142884434565	19.14358586090086
9	18.659674292416003	30.174845115681165	31.743914045637034	19.4215665462658
10-14	19.09838939497449	30.932201424606774	30.86111109064258	19.108298089776156
15-19	19.24313904573984	30.753833146325917	30.76186539844067	19.241162409493576
20-24	19.349682679848996	30.726164491178963	30.708067455001014	19.216085373971026
25-29	19.372220749980805	30.78200770666547	30.58240225773321	19.263369285620517
30-34	19.383366832939114	30.74835561230679	30.553209563337553	19.315067991416548
35-39	19.424624518019982	30.758068163729142	30.541086537891598	19.27622078035928
40-44	19.442804174119225	30.748694029951835	30.555515037958607	19.252986757970334
45-49	19.42625573201803	30.716618581714318	30.534612258262424	19.322513428005227
50-54	19.392254741458633	30.755230141890767	30.573104954756513	19.279410161894088
55-59	19.35865226904685	30.801504780134614	30.598632971659022	19.241209979159514
60-64	19.31823184514002	30.824812741484266	30.57946339481604	19.277492018559673
65-69	19.38882903444109	30.82680520549747	30.560804650702877	19.223561109358563
70-74	19.444325667360395	30.84493548251539	30.524020631048526	19.18671821907569
75-79	19.460477160504663	30.839442453765205	30.460532860511798	19.239547525218338
80-84	19.644258377960185	30.824728551885972	30.372181201594888	19.158831868558956
85-89	19.758375370477733	30.847778759096006	30.33310106795117	19.06074480247509
90-94	19.980941737711447	30.90138714657008	30.09773947977897	19.01993163593951
95-99	20.267166171507135	31.005995770203064	29.903030220281245	18.823807838008552
100	20.489776112472676	30.956394211352663	29.738656111354384	18.815173564820277
>>END_MODULE
>>Per base GC content	pass
#Base	%GC
1	34.98436247619527
2	35.408144950570254
3	37.10010851313161
4	38.680345073833706
5	38.108316793378165
6	39.31161393182457
7	39.095464525089504
8	37.63215677274101
9	38.0812408386818
10-14	38.206687484750645
15-19	38.484301455233414
20-24	38.56576805382002
25-29	38.63559003560132
30-34	38.69843482435566
35-39	38.700845298379264
40-44	38.69579093208956
45-49	38.74876916002326
50-54	38.67166490335272
55-59	38.59986224820637
60-64	38.595723863699696
65-69	38.61239014379965
70-74	38.63104388643608
75-79	38.70002468572301
80-84	38.80309024651914
85-89	38.81912017295282
90-94	39.000873373650954
95-99	39.09097400951569
100	39.30494967729295
>>END_MODULE
>>Per sequence GC content	pass
#GC Content	Count
0	166.0
1	225.0
2	411.0
3	672.5
4	914.5
5	1082.5
6	1126.0
7	1091.0
8	1279.0
9	1642.0
10	2226.5
11	3111.0
12	4251.0
13	5777.5
14	7595.0
15	10164.5
16	13758.5
17	18754.5
18	23271.5
19	24960.0
20	27826.0
21	34765.0
22	41201.5
23	48107.0
24	59119.5
25	70070.5
26	83899.0
27	102051.5
28	120735.0
29	147255.5
30	182972.0
31	225292.5
32	274333.5
33	327863.5
34	379625.0
35	429335.5
36	476107.5
37	510751.0
38	533565.5
39	545864.0
40	544694.0
41	528051.5
42	496064.5
43	455492.0
44	411463.5
45	361967.5
46	311458.0
47	267625.5
48	226494.5
49	188248.0
50	157681.0
51	128717.0
52	102197.5
53	78498.0
54	56710.5
55	41981.0
56	32055.5
57	23931.0
58	18101.5
59	13711.5
60	10110.5
61	7147.5
62	5565.5
63	4304.5
64	2676.0
65	1896.0
66	1440.0
67	1044.0
68	786.0
69	592.5
70	454.0
71	392.0
72	352.5
73	312.5
74	282.5
75	269.0
76	241.5
77	222.0
78	222.0
79	207.5
80	181.0
81	161.0
82	153.0
83	158.0
84	151.5
85	134.5
86	122.0
87	103.0
88	84.0
89	75.5
90	63.5
91	50.0
92	39.5
93	25.5
94	14.0
95	9.5
96	6.5
97	3.0
98	2.5
99	2.0
100	0.5
>>END_MODULE
>>Per base N content	pass
#Base	N-Count
1	0.1721111458952689
2	0.020707951886032794
3	0.039541243554230075
4	0.001831315472914465
5	0.007411951381499965
6	0.0
7	0.0
8	0.0
9	0.0
10-14	8.69062135667101E-4
15-19	0.00586237675057234
20-24	0.003344047070659195
25-29	0.005795192395944709
30-34	7.715364595947332E-4
35-39	0.0
40-44	0.005678161584657867
45-49	9.55751625509206E-4
50-54	7.715364595947332E-4
55-59	0.0015929193758486765
60-64	0.0162066001259815
65-69	0.012355419539745994
70-74	3.727648063210509E-4
75-79	0.003608450014677614
80-84	8.668948984210484E-6
85-89	0.004215276443572348
90-94	0.002334114513998673
95-99	0.0
100	0.0
>>END_MODULE
>>Sequence Length Distribution	pass
#Length	Count
100	9228339.0
>>END_MODULE
>>Sequence Duplication Levels	warn
#Total Duplicate Percentage	41.57295326103559
#Duplication Level	Relative count
1	100.0
2	33.700687052211066
3	8.402297254241995
4	2.191051165374529
5	0.9525599026199482
6	0.6968555719852623
7	0.6274150988097086
8	0.5955541758232781
9	0.5391848505395933
10++	15.683743576756232
>>END_MODULE
>>Overrepresented sequences	pass
>>END_MODULE
>>Kmer Content	pass
>>END_MODULE
