##FastQC	0.10.0
>>Basic Statistics	pass
#Measure	Value	
Filename	3-011_M52bB_lib1_read-1.fastq.gz	
File type	Conventional base calls	
Encoding	Sanger / Illumina 1.9	
Total Sequences	8580682	
Filtered Sequences	0	
Sequence length	100	
%GC	38	
>>END_MODULE
>>Per base sequence quality	pass
#Base	Mean	Median	Lower Quartile	Upper Quartile	10th Percentile	90th Percentile
1	31.669162427881606	31.0	31.0	34.0	30.0	34.0
2	31.955050076439147	31.0	31.0	34.0	30.0	34.0
3	32.0695384119817	33.0	31.0	34.0	30.0	34.0
4	35.72935204917278	37.0	35.0	37.0	33.0	37.0
5	35.572960051427145	37.0	35.0	37.0	33.0	37.0
6	35.53672085738639	37.0	35.0	37.0	33.0	37.0
7	35.50711248826142	37.0	35.0	37.0	33.0	37.0
8	35.47682258822783	37.0	35.0	37.0	33.0	37.0
9	37.092151066780005	39.0	37.0	39.0	33.0	39.0
10-14	37.274382898701994	39.2	37.2	39.4	33.0	39.4
15-19	38.14647152755457	40.0	37.0	41.0	33.0	41.0
20-24	38.00286555311105	40.0	37.0	41.0	33.0	41.0
25-29	37.652816501066	39.6	37.0	41.0	32.0	41.0
30-34	37.285952491888175	39.0	36.2	40.8	31.2	41.0
35-39	37.24291076163876	39.0	36.0	41.0	31.0	41.0
40-44	36.99206687766777	39.0	36.0	40.6	30.4	41.0
45-49	36.72869016705199	39.0	36.0	40.0	30.0	41.0
50-54	36.52894753587186	39.0	35.2	40.0	29.8	41.0
55-59	36.0054506856215	38.4	34.6	40.0	28.4	41.0
60-64	35.30877927884986	37.8	34.0	40.0	27.8	41.0
65-69	34.42714136242317	36.6	33.2	39.4	26.2	40.8
70-74	33.37387806703477	35.4	32.0	38.2	25.8	40.0
75-79	32.04355416038025	34.6	30.8	36.2	24.4	39.0
80-84	31.75386557851695	34.6	31.0	35.8	24.2	37.6
85-89	30.937146091650995	34.0	31.0	35.0	21.2	36.4
90-94	30.125851861192388	34.0	30.2	35.0	18.0	35.8
95-99	29.22859038477361	34.0	29.6	35.0	3.6	35.0
100	28.612111717926386	34.0	29.0	35.0	2.0	35.0
>>END_MODULE
>>Per sequence quality scores	pass
#Quality	Count
2	29.0
3	19.0
4	32.0
5	106.0
6	297.0
7	971.0
8	2700.0
9	4912.0
10	7304.0
11	9724.0
12	12400.0
13	15453.0
14	17865.0
15	20578.0
16	23541.0
17	26516.0
18	29288.0
19	32327.0
20	35864.0
21	39363.0
22	43628.0
23	49766.0
24	60086.0
25	74622.0
26	94152.0
27	119628.0
28	150613.0
29	188778.0
30	233759.0
31	289099.0
32	356000.0
33	447288.0
34	575812.0
35	771234.0
36	1121159.0
37	1710840.0
38	1659492.0
39	352515.0
40	2922.0
>>END_MODULE
>>Per base sequence content	fail
#Base	G	A	T	C
1	13.610131052208812	33.03950230349809	33.395566393167826	19.954800251125267
2	21.252808491828088	34.45748369620891	30.702277082461947	13.587430729501055
3	18.00395353189875	31.451602564924325	32.336473953935126	18.207969949241797
4	18.421752490070137	30.687350958816562	31.48031823111496	19.41057831999834
5	18.988665469714412	31.013105951251895	31.425392527074187	18.572836051959506
6	18.957001319941703	30.607578744906288	30.87007536230803	19.565344572843976
7	19.58036668880166	30.668657805987916	30.79424222923073	18.956733275979694
8	18.457087676713808	30.860565628699444	31.768372257589782	18.913974436996966
9	18.659289495689364	30.09568761818187	32.04356376795126	19.2014591181775
10-14	18.82805635336045	31.060142966698614	31.16674822247268	18.94505245746826
15-19	18.866832485939508	30.90158693752501	31.115100812010965	19.116479764524513
20-24	19.020865462350763	30.86774306668769	30.980329087379154	19.13106238358239
25-29	19.16417199341467	30.843289299815552	30.840902431878114	19.151636274891665
30-34	19.14021186928671	30.84888100643237	30.797856782127724	19.21305034215319
35-39	19.244430687444193	30.829519145447883	30.757566822777022	19.168483344330905
40-44	19.215327782363055	30.84080347742501	30.79685784284133	19.147010897370603
45-49	19.208730295738107	30.83204964136266	30.784099707890245	19.17512035500899
50-54	19.244727153297823	30.813051336505243	30.756806830170962	19.18541468002597
55-59	19.24988294543072	30.840778257236423	30.765180830224875	19.144157967107986
60-64	19.213665064591677	30.799781773825625	30.77740300876331	19.20915015281939
65-69	19.273897148377987	30.871777871131208	30.70707267545955	19.147252305031255
70-74	19.28707945581692	30.861836567554658	30.702669281492305	19.14841469513612
75-79	19.21826407761894	30.847809974127223	30.73336941349108	19.200556534762757
80-84	19.296850466140203	30.85863837418289	30.694743377276023	19.149767782400886
85-89	19.32228791637937	30.922651646904846	30.64883279735892	19.106227639356863
90-94	19.41061171532193	30.922872006415332	30.515051846705266	19.15146443155747
95-99	19.602336979599013	31.03299097627854	30.30648132110193	19.058190723020516
100	19.620235314628836	31.109333733612317	30.148862293230305	19.12156865852854
>>END_MODULE
>>Per base GC content	pass
#Base	%GC
1	33.564931303334085
2	34.84023922132914
3	36.211923481140545
4	37.83233081006848
5	37.56150152167392
6	38.52234589278568
7	38.537099964781355
8	37.37106211371077
9	37.86074861386687
10-14	37.77310881082871
15-19	37.98331225046402
20-24	38.15192784593315
25-29	38.315808268306334
30-34	38.353262211439905
35-39	38.412914031775095
40-44	38.36233867973366
45-49	38.3838506507471
50-54	38.43014183332379
55-59	38.394040912538706
60-64	38.42281521741106
65-69	38.421149453409235
70-74	38.43549415095303
75-79	38.4188206123817
80-84	38.446618248541085
85-89	38.42851555573623
90-94	38.562076146879406
95-99	38.66052770261953
100	38.74180397315738
>>END_MODULE
>>Per sequence GC content	pass
#GC Content	Count
0	113.0
1	162.0
2	331.0
3	535.5
4	722.0
5	859.5
6	924.0
7	1027.5
8	1217.0
9	1508.5
10	2153.0
11	3367.0
12	4956.0
13	7166.0
14	9747.0
15	11238.5
16	13117.5
17	15871.0
18	18696.0
19	21148.5
20	24933.0
21	31647.0
22	37407.0
23	43275.5
24	52347.0
25	62751.0
26	76398.5
27	94752.0
28	114708.5
29	141887.0
30	178740.5
31	221434.0
32	268823.5
33	320490.5
34	371319.0
35	419880.5
36	465974.5
37	499718.5
38	520115.5
39	528396.0
40	520835.5
41	498263.5
42	464791.5
43	423870.5
44	376600.0
45	326086.5
46	276036.5
47	231333.0
48	191372.0
49	155749.5
50	126441.0
51	99983.0
52	78078.5
53	59497.0
54	42775.0
55	31336.5
56	23459.5
57	16955.5
58	12359.5
59	9118.5
60	6700.0
61	4809.5
62	3797.5
63	3008.5
64	1940.0
65	1299.5
66	975.5
67	725.0
68	525.0
69	392.5
70	315.5
71	260.5
72	221.5
73	183.5
74	143.0
75	118.5
76	99.5
77	85.5
78	75.5
79	63.0
80	49.5
81	39.0
82	29.0
83	25.5
84	19.0
85	8.0
86	4.5
87	5.5
88	5.0
89	4.0
90	2.0
91	1.5
92	1.0
93	0.0
94	0.0
95	0.5
96	0.5
97	0.5
98	0.5
99	0.5
100	1.0
>>END_MODULE
>>Per base N content	pass
#Base	N-Count
1	0.09402516023784589
2	1.0488676774177158E-4
3	0.0
4	0.0
5	0.0
6	0.0
7	0.0
8	0.0
9	0.001829691392828682
10-14	6.33982240572486E-4
15-19	0.0029834458379881692
20-24	5.011256680995753E-4
25-29	0.004661634121856514
30-34	6.036816187804186E-4
35-39	0.0
40-44	9.323268243713029E-4
45-49	0.005621930750958956
50-54	0.01993780913918031
55-59	0.00577809549404115
60-64	0.002638484912970787
65-69	0.007281472498339875
70-74	0.0032118659099591384
75-79	0.0018390146610723949
80-84	7.715004471672531E-4
85-89	0.005638246470385454
90-94	0.002717732693042348
95-99	0.003983366357126392
100	0.0
>>END_MODULE
>>Sequence Length Distribution	pass
#Length	Count
100	8580682.0
>>END_MODULE
>>Sequence Duplication Levels	warn
#Total Duplicate Percentage	40.228995370437985
#Duplication Level	Relative count
1	100.0
2	36.0536239320416
3	8.966371018317167
4	2.3399385898469633
5	1.0555379089598553
6	0.8079425969816176
7	0.7199811045682964
8	0.6988051897280524
9	0.7142798967266922
10++	11.535172380091382
>>END_MODULE
>>Overrepresented sequences	pass
>>END_MODULE
>>Kmer Content	pass
>>END_MODULE
