##FastQC	0.10.0
>>Basic Statistics	pass
#Measure	Value	
Filename	3-009_101S_lib1_read-2.fastq.gz	
File type	Conventional base calls	
Encoding	Sanger / Illumina 1.9	
Total Sequences	11469119	
Filtered Sequences	0	
Sequence length	100	
%GC	38	
>>END_MODULE
>>Per base sequence quality	pass
#Base	Mean	Median	Lower Quartile	Upper Quartile	10th Percentile	90th Percentile
1	31.13866505352329	31.0	31.0	34.0	28.0	34.0
2	31.328432986003545	31.0	31.0	34.0	28.0	34.0
3	31.403081003867864	31.0	31.0	34.0	28.0	34.0
4	34.953384649684075	37.0	35.0	37.0	32.0	37.0
5	34.923944986532966	37.0	35.0	37.0	32.0	37.0
6	34.90413352586192	37.0	35.0	37.0	32.0	37.0
7	34.8511107086778	37.0	35.0	37.0	32.0	37.0
8	34.86551826692181	37.0	35.0	37.0	32.0	37.0
9	36.37976064246958	39.0	35.0	39.0	32.0	39.0
10-14	36.53309548885141	39.2	35.4	39.4	32.0	39.4
15-19	37.373036778151835	40.0	37.0	41.0	31.8	41.0
20-24	37.2637614624105	40.0	37.0	41.0	31.0	41.0
25-29	37.083028417439905	39.2	36.2	41.0	30.8	41.0
30-34	36.83790516080616	39.0	36.0	41.0	30.0	41.0
35-39	36.56760766018733	39.0	36.0	41.0	30.0	41.0
40-44	36.26615774062507	39.0	35.0	40.0	29.4	41.0
45-49	35.85043158066456	38.2	34.8	40.0	28.0	41.0
50-54	35.11792727933157	37.8	33.6	39.6	27.2	40.6
55-59	35.57360222698884	38.0	34.4	40.0	27.8	41.0
60-64	34.96019336794744	37.8	34.0	40.0	26.4	41.0
65-69	34.13007182155839	36.6	32.8	39.4	26.0	41.0
70-74	33.415946194297916	35.6	32.0	38.8	25.8	40.2
75-79	32.7448532882081	35.0	32.0	37.0	25.4	39.2
80-84	31.915454517474274	35.0	31.6	36.0	24.0	38.0
85-89	31.179788316783533	34.6	31.0	35.0	21.8	36.6
90-94	30.464168189378803	34.0	31.0	35.0	19.0	36.0
95-99	29.713522825946786	34.0	30.6	35.0	6.4	35.2
100	29.165254105393796	34.0	30.0	35.0	2.0	35.0
>>END_MODULE
>>Per sequence quality scores	pass
#Quality	Count
2	44010.0
3	9389.0
4	7935.0
5	8542.0
6	10249.0
7	12351.0
8	14990.0
9	18200.0
10	21798.0
11	24882.0
12	26380.0
13	27840.0
14	28184.0
15	29228.0
16	31039.0
17	33449.0
18	36085.0
19	40006.0
20	45080.0
21	52002.0
22	61536.0
23	72642.0
24	87784.0
25	106180.0
26	129526.0
27	157792.0
28	192730.0
29	237144.0
30	292649.0
31	363246.0
32	454141.0
33	577206.0
34	748294.0
35	1017975.0
36	1484749.0
37	2240961.0
38	2154345.0
39	556448.0
40	12132.0
>>END_MODULE
>>Per base sequence content	fail
#Base	G	A	T	C
1	14.217478789883845	34.837377246133414	30.552296655945415	20.392847308037325
2	20.377705052075854	35.532362864683364	29.649246596553137	14.440685486687647
3	18.142694220751043	32.4408653500193	30.907483607325947	18.50895682190371
4	18.756856009436955	31.312797253594116	30.27333009386297	19.65701664310596
5	19.19166649735955	31.41187922092451	30.803376364662586	18.59307791705335
6	19.35941200017194	30.845961228582595	30.209190435638515	19.585436335606946
7	19.775546840171423	30.8541833073665	30.49773047084087	18.872539381621202
8	18.339333648905377	31.336652797830418	31.484772282857993	18.83924127040621
9	18.444380950271768	30.60202793257268	31.859587471365497	19.094003645790057
10-14	18.87446829566445	31.27781941169316	31.040983031236774	18.80672926140562
15-19	18.988569225753455	31.11271842250031	30.988043957554073	18.91066839419216
20-24	19.113605130154863	31.044197550610818	30.94667518000126	18.89552213923306
25-29	19.109257388786354	31.122095846666763	30.817134776062133	18.95151198848475
30-34	19.148670218131933	31.040216700426853	30.791529614261933	19.019583467179277
35-39	19.15456104344196	31.08092260617402	30.769711256810574	18.994805093573447
40-44	19.215649412915077	31.033719224135307	30.79340238252045	18.957228980429168
45-49	19.172791146082282	31.03500897462569	30.76639623918454	19.025803640107483
50-54	19.129647968222745	31.050946161737368	30.826275080493275	18.993130789546615
55-59	19.09381486758342	31.107856756646374	30.86545425832334	18.932874117446865
60-64	19.06368229793704	31.160215469269836	30.81325285024692	18.962849382546203
65-69	19.123957038977117	31.18795287062107	30.77211310370076	18.915976986701054
70-74	19.14620672144818	31.160121355896496	30.79915417772103	18.89451774493429
75-79	19.154921143013315	31.134151124992655	30.818166533925943	18.89276119806809
80-84	19.267319822338923	31.170365067628385	30.719737596579783	18.84257751345291
85-89	19.454611547862765	31.316428034622785	30.521358561216495	18.707601856297956
90-94	19.824151420987768	31.366543332195878	30.180175074308995	18.62913017250736
95-99	20.449363198690325	31.358989299875606	29.708369056071348	18.483278445362718
100	20.831626212963698	31.31910131894176	29.397802917556266	18.451469550538278
>>END_MODULE
>>Per base GC content	pass
#Base	%GC
1	34.61032609792117
2	34.8183905387635
3	36.651651042654755
4	38.41387265254291
5	37.7847444144129
6	38.944848335778886
7	38.648086221792624
8	37.178574919311586
9	37.538384596061825
10-14	37.68119755707007
15-19	37.899237619945616
20-24	38.00912726938792
25-29	38.0607693772711
30-34	38.16825368531121
35-39	38.149366137015406
40-44	38.17287839334424
45-49	38.198594786189766
50-54	38.12277875776935
55-59	38.02668898503028
60-64	38.026531680483245
65-69	38.03993402567817
70-74	38.04072446638247
75-79	38.0476823410814
80-84	38.10989733579183
85-89	38.162213404160724
90-94	38.45328159349513
95-99	38.93264164405304
100	39.283095763501976
>>END_MODULE
>>Per sequence GC content	pass
#GC Content	Count
0	75.0
1	114.0
2	244.5
3	414.5
4	582.0
5	757.5
6	959.0
7	1269.5
8	1788.5
9	2700.5
10	4340.5
11	6581.0
12	9230.0
13	13424.5
14	18779.0
15	23862.5
16	27240.0
17	31288.5
18	35856.5
19	38893.0
20	41851.0
21	48464.0
22	57493.5
23	68491.0
24	83678.5
25	98919.5
26	116491.5
27	137724.0
28	162906.0
29	197146.5
30	242221.0
31	297313.0
32	358498.5
33	423663.0
34	486643.5
35	545377.5
36	601850.0
37	644463.0
38	670891.5
39	682141.0
40	673167.0
41	645436.5
42	601284.0
43	547032.5
44	488102.0
45	425253.0
46	362494.0
47	307474.5
48	256704.5
49	210517.5
50	175066.5
51	142192.5
52	112384.0
53	86427.5
54	63062.5
55	46875.0
56	35254.0
57	25993.5
58	19509.5
59	14811.0
60	11052.0
61	7801.0
62	6068.5
63	4741.0
64	3100.5
65	2219.0
66	1672.0
67	1235.5
68	937.0
69	760.0
70	603.0
71	521.5
72	443.0
73	392.0
74	384.5
75	343.0
76	363.0
77	379.0
78	350.0
79	307.5
80	257.5
81	225.5
82	202.0
83	184.5
84	161.5
85	144.5
86	129.5
87	111.0
88	98.0
89	82.0
90	61.0
91	43.5
92	37.0
93	25.0
94	13.0
95	11.0
96	11.5
97	10.0
98	3.5
99	1.5
100	1.0
>>END_MODULE
>>Per base N content	pass
#Base	N-Count
1	0.1680687069338107
2	0.019949221906233598
3	0.03831157388810771
4	0.001447364876064151
5	0.007045004938914663
6	0.0
7	0.0
8	0.0
9	0.0
10-14	9.067828139197092E-4
15-19	0.006033593338773449
20-24	0.0031894341666522078
25-29	0.005569739053191444
30-34	7.637901394169859E-4
35-39	0.0
40-44	0.005894088290478109
45-49	0.0010201306656596727
50-54	7.515834476911435E-4
55-59	0.0015502498491819642
60-64	0.01597158421671272
65-69	0.012072418116857974
70-74	3.7491981729372584E-4
75-79	0.0034457746928948946
80-84	1.7438131036917484E-6
85-89	0.004237465841970949
90-94	0.002195460697547911
95-99	0.0
100	0.0
>>END_MODULE
>>Sequence Length Distribution	pass
#Length	Count
100	1.1469119E7
>>END_MODULE
>>Sequence Duplication Levels	warn
#Total Duplicate Percentage	45.94494796911715
#Duplication Level	Relative count
1	100.0
2	40.735976437398534
3	11.68992468129275
4	3.015409728444567
5	1.152402835319062
6	0.6831025274793516
7	0.5447077297043141
8	0.5260776607730592
9	0.4914789613292998
10++	18.590147354973784
>>END_MODULE
>>Overrepresented sequences	pass
>>END_MODULE
>>Kmer Content	warn
#Sequence	Count	Obs/Exp Overall	Obs/Exp Max	Max Obs/Exp Position
GAAGA	2832540	2.2887683	5.3646326	95-96
GGAAG	1672655	2.1984413	7.360472	95-96
CGGAA	1240685	1.6600925	7.0751543	95-96
ATCGG	1106455	1.5067127	7.583467	95-96
GATCG	1101440	1.4998838	7.752412	95-96
AGAGC	1104315	1.4776232	5.5050383	95-96
TCGGA	1036825	1.4118944	7.247871	95-96
AGATC	1637545	1.3709044	5.4488373	95-96
GAGCG	592380	1.2892998	6.91659	95-96
GCGTC	542340	1.222963	6.534569	95-96
CGTCG	517920	1.1678966	5.707196	95-96
>>END_MODULE
