##FastQC	0.10.0
>>Basic Statistics	pass
#Measure	Value	
Filename	3-002_M5_lib1_read-2.fastq.gz	
File type	Conventional base calls	
Encoding	Sanger / Illumina 1.9	
Total Sequences	7433336	
Filtered Sequences	0	
Sequence length	100	
%GC	38	
>>END_MODULE
>>Per base sequence quality	pass
#Base	Mean	Median	Lower Quartile	Upper Quartile	10th Percentile	90th Percentile
1	31.992468791939448	33.0	31.0	34.0	30.0	34.0
2	32.15845927050788	34.0	31.0	34.0	30.0	34.0
3	32.221827050465635	34.0	31.0	34.0	30.0	34.0
4	35.676086214856966	37.0	35.0	37.0	33.0	37.0
5	35.68762329591989	37.0	35.0	37.0	33.0	37.0
6	35.706574006610225	37.0	35.0	37.0	33.0	37.0
7	35.651065282129046	37.0	35.0	37.0	33.0	37.0
8	35.665447250063764	37.0	35.0	37.0	33.0	37.0
9	37.33492512648426	39.0	37.0	39.0	34.0	39.0
10-14	37.35586544184199	39.2	37.2	39.4	33.2	39.4
15-19	38.34207109701486	40.0	38.0	41.0	33.2	41.0
20-24	38.30985379915559	40.0	38.0	41.0	33.6	41.0
25-29	38.04350232520096	40.0	38.0	41.0	33.0	41.0
30-34	37.71597939337063	40.0	38.0	41.0	32.2	41.0
35-39	37.46299325094413	40.0	37.0	41.0	31.4	41.0
40-44	37.31600277452815	40.0	37.0	41.0	31.0	41.0
45-49	36.952008707799564	40.0	36.6	41.0	30.2	41.0
50-54	36.41333955575263	39.2	36.0	40.2	30.2	40.6
55-59	36.93553879442555	39.6	36.4	41.0	31.0	41.0
60-64	36.351923416350346	39.0	35.4	41.0	29.8	41.0
65-69	35.454200106116545	37.6	34.8	40.0	28.8	41.0
70-74	34.281233647987925	36.2	34.0	39.0	27.0	40.8
75-79	33.24562869215114	35.0	33.2	37.2	26.0	39.2
80-84	32.322357041306894	35.0	32.8	36.0	25.4	37.8
85-89	31.5280219002612	35.0	32.0	35.2	24.0	36.6
90-94	30.7667796262674	34.6	31.2	35.0	19.8	36.0
95-99	29.979260375153228	34.0	31.0	35.0	8.6	35.2
100	29.439193788630032	34.0	31.0	35.0	2.0	35.0
>>END_MODULE
>>Per sequence quality scores	pass
#Quality	Count
2	21518.0
3	4273.0
4	3817.0
5	4238.0
6	5357.0
7	6808.0
8	7908.0
9	9438.0
10	10876.0
11	12615.0
12	13617.0
13	14331.0
14	14928.0
15	15873.0
16	17042.0
17	18199.0
18	20146.0
19	22338.0
20	24825.0
21	27926.0
22	31588.0
23	36907.0
24	43494.0
25	51451.0
26	61356.0
27	74872.0
28	90470.0
29	111411.0
30	137748.0
31	171605.0
32	218183.0
33	283344.0
34	381669.0
35	543104.0
36	866848.0
37	1542571.0
38	1925484.0
39	571269.0
40	13889.0
>>END_MODULE
>>Per base sequence content	fail
#Base	G	A	T	C
1	13.248908077004861	34.887843654591826	30.85155651463217	21.011691753771146
2	20.71215170217157	34.76208318125536	29.93523262174529	14.59053249482778
3	18.445583168645832	31.839594149008445	30.592309979322696	19.12251270302303
4	19.067051565564338	30.333900421535866	30.13374689605981	20.46530111683999
5	19.672505188534117	30.636156592764614	30.779432377663667	18.9119058410376
6	19.80330231271666	30.25329407953576	29.791092451626028	20.15231115612156
7	20.211967652607775	30.26859926622132	30.2530745412807	19.266358539890202
8	18.731055762498876	30.769887892759755	31.32210346131592	19.176952883425447
9	18.92986886634419	29.950148869981856	31.571023600183608	19.548958663490343
10-14	19.302779824162297	30.796744704741208	30.64703135077831	19.25344412031819
15-19	19.36753073436013	30.640888864205035	30.632073714029424	19.35950668740541
20-24	19.474261003255968	30.605465970000743	30.563246809750634	19.357026216992654
25-29	19.480737069352987	30.648246058431834	30.476405775105636	19.39461109710955
30-34	19.49458562432325	30.64754462957237	30.41202410378433	19.445845642320048
35-39	19.536510707076967	30.63677055093603	30.415394474641268	19.411324267345737
40-44	19.581647929937084	30.619782518722516	30.421685790671084	19.37688376066932
45-49	19.528297505148956	30.617311311709646	30.390471444703927	19.463919738437472
50-54	19.518817372544945	30.622597400514696	30.46509466550735	19.39349056143301
55-59	19.462682554533455	30.681226338226512	30.50145289178295	19.354638215457083
60-64	19.433207378221567	30.70461499386009	30.45915050792807	19.40302711999027
65-69	19.4922186966807	30.706500995663593	30.450168777269354	19.35111153038635
70-74	19.503799095604748	30.688302222149993	30.484613234300483	19.323285447944777
75-79	19.559677765276152	30.703288265319646	30.413274538462442	19.323759430941763
80-84	19.687757436482936	30.626643836668745	30.367461457292865	19.31813726955546
85-89	19.744944570206634	30.875644333728392	30.23537424692804	19.144036849136935
90-94	19.891809376847178	30.679920259292388	30.126699052561083	19.30157131129935
95-99	20.204564704861745	30.772428903221112	30.028820214932406	18.99418617698474
100	20.523283418590545	30.704004664850437	29.771290208132896	19.00142170842613
>>END_MODULE
>>Per base GC content	pass
#Base	%GC
1	34.26059983077601
2	35.30268419699935
3	37.56809587166886
4	39.53235268240432
5	38.58441102957172
6	39.955613468838216
7	39.47832619249798
8	37.908008645924326
9	38.47882752983453
10-14	38.556223944480486
15-19	38.727037421765544
20-24	38.831287220248626
25-29	38.87534816646254
30-34	38.9404312666433
35-39	38.947834974422705
40-44	38.9585316906064
45-49	38.99221724358643
50-54	38.91230793397795
55-59	38.81732076999054
60-64	38.836234498211844
65-69	38.84333022706705
70-74	38.82708454354953
75-79	38.88343719621791
80-84	39.0058947060384
85-89	38.88898141934357
90-94	39.193380688146526
95-99	39.198750881846486
100	39.524705127016674
>>END_MODULE
>>Per sequence GC content	pass
#GC Content	Count
0	137.0
1	189.0
2	356.5
3	561.5
4	704.5
5	846.0
6	944.5
7	1060.0
8	1305.0
9	1580.5
10	2111.5
11	2940.0
12	3900.5
13	5066.5
14	6474.0
15	7376.5
16	8481.0
17	10291.5
18	12337.5
19	14148.5
20	16820.0
21	21610.5
22	26014.5
23	30796.0
24	37998.0
25	46374.0
26	57907.0
27	73631.0
28	90848.0
29	113428.5
30	143759.5
31	179436.5
32	219174.0
33	263152.5
34	306637.0
35	348211.5
36	388140.5
37	419528.5
38	441569.0
39	452166.5
40	450520.0
41	436188.0
42	409942.0
43	377033.5
44	340564.0
45	299115.5
46	255425.0
47	217720.0
48	183013.0
49	151879.5
50	126631.0
51	102284.0
52	81316.5
53	62656.0
54	45126.5
55	33358.0
56	25163.0
57	18624.5
58	13882.0
59	10329.5
60	7923.0
61	5926.5
62	4748.5
63	3802.5
64	2554.0
65	1801.0
66	1342.0
67	985.5
68	703.0
69	568.0
70	512.5
71	438.5
72	391.0
73	383.0
74	332.0
75	262.0
76	220.0
77	226.0
78	222.5
79	190.0
80	163.0
81	154.0
82	140.0
83	116.0
84	112.5
85	101.5
86	73.0
87	63.5
88	48.0
89	41.0
90	34.5
91	18.5
92	10.5
93	3.5
94	2.5
95	1.5
96	0.0
97	0.0
98	0.5
99	1.0
100	1.0
>>END_MODULE
>>Per base N content	pass
#Base	N-Count
1	0.10325108403548555
2	0.07637216991132917
3	8.878920581553154E-4
4	5.650222188261098E-4
5	0.001600896286673978
6	0.0
7	4.304931191056075E-4
8	9.417036980435164E-5
9	5.3811639888200935E-5
10-14	0.02423138144165688
15-19	0.009115691797061239
20-24	0.002932734373906951
25-29	5.139011609323189E-4
30-34	1.8295957561988317E-4
35-39	0.0013829591451267641
40-44	0.0026852008304212266
45-49	0.012866363097268843
50-54	0.006043047159444965
55-59	0.0012295959714453914
60-64	0.0
65-69	0.005432285046713885
70-74	0.005857397001830672
75-79	0.00229506644123177
80-84	0.002580268132639235
85-89	0.004678922088279071
90-94	0.014082506158742184
95-99	0.00856143190621277
100	0.00980717136962462
>>END_MODULE
>>Sequence Length Distribution	pass
#Length	Count
100	7433336.0
>>END_MODULE
>>Sequence Duplication Levels	warn
#Total Duplicate Percentage	35.757080082851
#Duplication Level	Relative count
1	100.0
2	29.127903035051112
3	6.3352642957762395
4	1.793610498007518
5	1.0930402488907638
6	0.8708163526655568
7	0.809798943871517
8	0.7374820149304326
9	0.651605661812895
10++	9.240747576252929
>>END_MODULE
>>Overrepresented sequences	pass
>>END_MODULE
>>Kmer Content	pass
>>END_MODULE
