##FastQC	0.10.0
>>Basic Statistics	pass
#Measure	Value	
Filename	3-010_SGU57_lib1_read-2.fastq.gz	
File type	Conventional base calls	
Encoding	Sanger / Illumina 1.9	
Total Sequences	8721106	
Filtered Sequences	0	
Sequence length	100	
%GC	37	
>>END_MODULE
>>Per base sequence quality	pass
#Base	Mean	Median	Lower Quartile	Upper Quartile	10th Percentile	90th Percentile
1	31.169820433325775	31.0	31.0	34.0	28.0	34.0
2	31.3584235760923	31.0	31.0	34.0	28.0	34.0
3	31.433905974769715	33.0	31.0	34.0	28.0	34.0
4	34.97454474237556	37.0	35.0	37.0	32.0	37.0
5	34.94777783918691	37.0	35.0	37.0	32.0	37.0
6	34.93274752078464	37.0	35.0	37.0	32.0	37.0
7	34.879942635716155	37.0	35.0	37.0	32.0	37.0
8	34.892920232823684	37.0	35.0	37.0	32.0	37.0
9	36.41828972151009	39.0	37.0	39.0	32.0	39.0
10-14	36.57378536621387	39.2	35.8	39.4	32.0	39.4
15-19	37.42281648680798	40.0	37.0	41.0	32.0	41.0
20-24	37.31561950972732	40.0	37.0	41.0	31.2	41.0
25-29	37.13804595426314	39.8	36.6	41.0	30.8	41.0
30-34	36.89928754449263	39.0	36.0	41.0	30.0	41.0
35-39	36.62796991574234	39.0	36.0	41.0	30.0	41.0
40-44	36.32830884064475	39.0	35.2	40.4	29.6	41.0
45-49	35.9195586431354	38.4	35.0	40.0	28.0	41.0
50-54	35.198437468825624	37.8	33.8	39.6	27.2	40.6
55-59	35.65394334158994	38.4	34.4	40.0	28.0	41.0
60-64	35.05743211927478	37.8	34.0	40.0	26.4	41.0
65-69	34.244561985601365	36.6	33.2	39.4	26.0	41.0
70-74	33.55066183119435	35.8	32.4	38.8	25.8	40.4
75-79	32.898456090316984	35.0	32.2	37.2	25.4	39.4
80-84	32.08195994865788	35.0	32.0	36.2	24.6	38.4
85-89	31.345137600666703	35.0	31.0	35.2	22.4	36.8
90-94	30.625360430202317	34.0	31.0	35.0	19.4	36.0
95-99	29.879396626987443	34.0	30.8	35.0	7.8	35.6
100	29.336395750722442	34.0	30.0	35.0	2.0	35.0
>>END_MODULE
>>Per sequence quality scores	pass
#Quality	Count
2	30750.0
3	6779.0
4	6045.0
5	6472.0
6	7832.0
7	9316.0
8	11386.0
9	14142.0
10	16701.0
11	19088.0
12	20241.0
13	21148.0
14	21864.0
15	22301.0
16	23640.0
17	25109.0
18	27474.0
19	30156.0
20	34258.0
21	39373.0
22	46108.0
23	54519.0
24	65997.0
25	79166.0
26	96375.0
27	117771.0
28	143237.0
29	176166.0
30	216210.0
31	267464.0
32	335130.0
33	426425.0
34	554487.0
35	755750.0
36	1106582.0
37	1679294.0
38	1660363.0
39	527386.0
40	18601.0
>>END_MODULE
>>Per base sequence content	fail
#Base	G	A	T	C
1	13.982118736733776	35.52320613071883	30.41829383712062	20.07638129542677
2	20.21279694731009	35.93284944638342	29.813248446680685	14.041105159625808
3	17.881408581374767	32.55988576887376	31.420901047562193	18.137804602189277
4	18.309741743325716	31.790654141308742	30.691270184813053	19.20833393055249
5	18.767326932497667	31.733067080341925	31.343205365546673	18.156400621613734
6	18.950451926624904	31.09677832146519	30.76568499454083	19.187084757369078
7	19.326413415913073	31.147666362500352	31.017958043394955	18.50796217819162
8	17.94168079140421	31.625724994054654	31.972183344635418	18.460410869905722
9	18.091008181760433	30.811504871056496	32.341299371891594	18.756187575291484
10-14	18.529075282841383	31.548906274488203	31.460341112668672	18.46167733000174
15-19	18.658756174658457	31.381304124835946	31.395202245055554	18.564737455450047
20-24	18.77527035639202	31.307275585337496	31.342845550920863	18.574608507349623
25-29	18.800127486058994	31.358511103738053	31.220149695897316	18.62121171430564
30-34	18.819522929572326	31.307870081053146	31.18252040386543	18.690086585509103
35-39	18.85961253079598	31.34469412480481	31.14611380712492	18.649579537274285
40-44	18.885416190781807	31.326963769268634	31.14878789029668	18.638832149652877
45-49	18.845275084180614	31.30161844549572	31.137788804838486	18.71531766548518
50-54	18.82823921010914	31.319630721225217	31.183635516615055	18.66849455205059
55-59	18.781463052960888	31.389250500774967	31.202721069402383	18.62656537686176
60-64	18.77001371136768	31.384522439348185	31.168587894270626	18.676875955013504
65-69	18.8308689417301	31.40477752494674	31.14821615282986	18.6161373804933
70-74	18.826353105365598	31.413441841042506	31.15323312964517	18.606971923946723
75-79	18.79252899235709	31.388761390620388	31.19418096628485	18.624528650737666
80-84	18.87488811625498	31.426479623112023	31.143930597793446	18.554701662839555
85-89	18.96917305010374	31.586850482745398	30.98442954306891	18.459546924081955
90-94	19.245048605213093	31.549828868901898	30.756508570590128	18.44861395529488
95-99	19.68456982405672	31.624378834519383	30.430209195943725	18.260842145480172
100	19.78204369950325	31.62153974507362	30.372695848439406	18.223720706983723
>>END_MODULE
>>Per base GC content	pass
#Base	%GC
1	34.058500032160545
2	34.2539021069359
3	36.01921318356404
4	37.51807567387821
5	36.9237275541114
6	38.13753668399398
7	37.83437559410469
8	36.40209166130993
9	36.847195757051914
10-14	36.990752612843124
15-19	37.2234936301085
20-24	37.349878863741644
25-29	37.421339200364635
30-34	37.50960951508143
35-39	37.50919206807026
40-44	37.52424834043468
45-49	37.560592749665794
50-54	37.49673376215973
55-59	37.40802842982265
60-64	37.44688966638118
65-69	37.447006322223395
70-74	37.43332502931233
75-79	37.41705764309476
80-84	37.42958977909453
85-89	37.42871997418569
90-94	37.693662560507974
95-99	37.94541196953689
100	38.005764406486975
>>END_MODULE
>>Per sequence GC content	warn
#GC Content	Count
0	176.0
1	349.0
2	645.0
3	894.5
4	1146.5
5	1367.0
6	1625.5
7	1882.5
8	2386.5
9	3638.5
10	5769.5
11	8918.5
12	12051.0
13	16415.0
14	22338.5
15	29578.0
16	35033.5
17	40526.5
18	45917.0
19	47778.0
20	51461.5
21	57181.0
22	63916.5
23	73780.5
24	86336.0
25	95673.0
26	106713.5
27	121267.0
28	135803.5
29	158090.5
30	187484.0
31	224164.0
32	268864.5
33	316245.5
34	361362.5
35	403085.0
36	442103.0
37	471795.5
38	487091.5
39	491451.0
40	484742.5
41	464795.5
42	432652.5
43	393131.5
44	350565.5
45	305515.0
46	261385.0
47	222768.5
48	187795.0
49	157256.0
50	132955.5
51	108364.5
52	85935.5
53	65954.5
54	47423.0
55	34863.0
56	26204.0
57	19101.5
58	13980.5
59	10537.5
60	7844.5
61	5472.0
62	4435.0
63	3577.5
64	2307.0
65	1597.0
66	1167.5
67	894.5
68	690.0
69	562.0
70	455.5
71	382.0
72	324.5
73	302.5
74	301.0
75	285.0
76	314.5
77	332.0
78	280.0
79	228.5
80	181.0
81	143.0
82	132.5
83	123.0
84	102.5
85	88.5
86	85.5
87	76.5
88	65.5
89	57.5
90	42.0
91	30.0
92	24.0
93	20.5
94	17.0
95	10.0
96	5.5
97	2.0
98	0.5
99	0.5
100	1.0
>>END_MODULE
>>Per base N content	pass
#Base	N-Count
1	0.16954271625640144
2	0.019653470557518735
3	0.03832082765649219
4	0.0015021030589468813
5	0.006627599756269446
6	0.0
7	0.0
8	0.0
9	0.0
10-14	7.980639152878086E-4
15-19	0.005758443940481861
20-24	0.0030431919988129943
25-29	0.005345652260160581
30-34	7.155055792235527E-4
35-39	0.0
40-44	0.005838708989433221
45-49	0.001096191239964289
50-54	7.246787276751366E-4
55-59	0.0014103715744310413
60-64	0.015296225043016332
65-69	0.011571926771673225
70-74	3.416997798215043E-4
75-79	0.003329852887924995
80-84	0.0
85-89	0.004127916803212803
90-94	0.0021740361830254098
95-99	0.0
100	0.0
>>END_MODULE
>>Sequence Length Distribution	pass
#Length	Count
100	8721106.0
>>END_MODULE
>>Sequence Duplication Levels	warn
#Total Duplicate Percentage	43.85114644446334
#Duplication Level	Relative count
1	100.0
2	31.55906651187051
3	7.599313512694968
4	1.966079450810156
5	1.0583345952585264
6	0.8766173674557906
7	0.8757760839937409
8	0.8791412178419397
9	0.9329833594131206
10++	22.509380310601856
>>END_MODULE
>>Overrepresented sequences	pass
>>END_MODULE
>>Kmer Content	warn
#Sequence	Count	Obs/Exp Overall	Obs/Exp Max	Max Obs/Exp Position
GGAAG	1132950	2.0446322	5.859405	95-96
CGGAA	829220	1.5184058	5.5159063	95-96
ATCGG	686345	1.2724912	5.878924	95-96
GATCG	669785	1.2417887	6.073791	95-96
TCGGA	653485	1.2115684	5.5216684	95-96
GAGCG	372145	1.1408268	6.2940407	95-96
>>END_MODULE
