##FastQC	0.10.0
>>Basic Statistics	pass
#Measure	Value	
Filename	3-002_M5_lib1_read-1.fastq.gz	
File type	Conventional base calls	
Encoding	Sanger / Illumina 1.9	
Total Sequences	7433336	
Filtered Sequences	0	
Sequence length	100	
%GC	38	
>>END_MODULE
>>Per base sequence quality	pass
#Base	Mean	Median	Lower Quartile	Upper Quartile	10th Percentile	90th Percentile
1	32.166502092734675	33.0	31.0	34.0	30.0	34.0
2	32.474084179700746	34.0	31.0	34.0	31.0	34.0
3	32.57342436827825	34.0	31.0	34.0	31.0	34.0
4	36.104228437944954	37.0	35.0	37.0	35.0	37.0
5	35.983853682922444	37.0	35.0	37.0	35.0	37.0
6	35.964980595522654	37.0	35.0	37.0	35.0	37.0
7	35.928718276693	37.0	35.0	37.0	35.0	37.0
8	35.87636264525107	37.0	35.0	37.0	35.0	37.0
9	37.62455793737832	39.0	37.0	39.0	35.0	39.0
10-14	37.73424400565237	39.2	37.2	39.4	34.2	39.4
15-19	38.840903115371084	40.0	38.0	41.0	34.6	41.0
20-24	38.75234016059545	40.0	38.0	41.0	34.2	41.0
25-29	38.435774112726776	40.0	38.0	41.0	34.0	41.0
30-34	38.25908270526181	40.0	38.0	41.0	33.6	41.0
35-39	37.872737112919424	40.0	37.4	41.0	32.8	41.0
40-44	37.944079078357284	40.0	37.8	41.0	32.8	41.0
45-49	37.62899548735588	40.0	37.0	41.0	31.8	41.0
50-54	37.677916052765546	40.0	37.0	41.0	32.4	41.0
55-59	37.370751705559925	39.6	36.2	41.0	31.8	41.0
60-64	36.75812612264533	38.8	35.4	40.8	30.8	41.0
65-69	35.76239863232336	37.4	34.6	39.8	29.2	41.0
70-74	34.99043807517917	36.2	34.0	39.0	29.0	40.6
75-79	33.498191175536796	35.0	32.8	37.0	28.2	39.2
80-84	33.272434261010126	35.0	33.2	36.2	28.6	37.8
85-89	32.43101371981571	35.0	33.0	35.2	26.4	36.6
90-94	31.872615256460893	35.0	32.0	35.0	25.4	36.0
95-99	31.612513896856	35.0	32.2	35.0	25.4	35.4
100	31.271904566132893	35.0	32.0	35.0	25.0	35.0
>>END_MODULE
>>Per sequence quality scores	pass
#Quality	Count
2	50.0
3	20.0
4	32.0
5	80.0
6	182.0
7	519.0
8	1286.0
9	2424.0
10	3624.0
11	4877.0
12	6002.0
13	6992.0
14	7888.0
15	9173.0
16	10412.0
17	11675.0
18	13393.0
19	15361.0
20	16987.0
21	18626.0
22	21856.0
23	25612.0
24	31501.0
25	40277.0
26	51973.0
27	68237.0
28	88093.0
29	113114.0
30	143708.0
31	178669.0
32	223455.0
33	283977.0
34	372595.0
35	521202.0
36	834510.0
37	1584401.0
38	2113772.0
39	596741.0
40	10040.0
>>END_MODULE
>>Per base sequence content	warn
#Base	G	A	T	C
1	13.41985245499448	33.395137849680815	32.74573134991785	20.439278345406862
2	21.31984885386588	34.011673897157344	30.583657189719393	14.084820059257378
3	18.289835337616474	30.96095142272018	32.05373203480378	18.695481204859572
4	18.67208747189687	30.118912961824947	31.28861657807477	19.92038298820341
5	19.436401099048933	30.377141568738452	31.41165689267914	18.77480043953347
6	19.346845077364993	30.183998140269725	30.60485897583535	19.864297806529933
7	19.978673830279366	30.221450720363624	30.69689031027478	19.102985139082225
8	18.845763653356176	30.448477905034014	31.560110848490876	19.145647593118934
9	18.982146902627246	29.628314731536275	31.896893613792578	19.4926447520439
10-14	19.176187354852903	30.67433168366248	30.937428077236863	19.212052884247758
15-19	19.183634373584084	30.532320885266053	30.91343375302825	19.37061098812162
20-24	19.271776018936553	30.531283940044947	30.830614183546633	19.36632585747187
25-29	19.3785834685985	30.534827811623067	30.696142418991034	19.3904463007874
30-34	19.351568610774645	30.526732319921955	30.66026860566523	19.461430463638166
35-39	19.4668369625697	30.560125359596285	30.58374059776122	19.389297080072794
40-44	19.405749988968612	30.56314419259401	30.631143271338736	19.39996254709864
45-49	19.43995161248228	30.54067347008511	30.619391975754585	19.39998294167803
50-54	19.443194585390845	30.51987287554492	30.588580070936626	19.44835246812761
55-59	19.427784210361764	30.561318931974498	30.63297720608767	19.37791965157607
60-64	19.41821597781174	30.53421587653823	30.61659073709545	19.430977408554583
65-69	19.459717669103956	30.634268772622335	30.529588569888322	19.37642498838538
70-74	19.463183982915012	30.623042482990737	30.539392250523	19.37438128357125
75-79	19.488762515242147	30.61977825299435	30.51167604962294	19.37978318214056
80-84	19.60862198169134	30.533486502801594	30.466980689906194	19.39091082560087
85-89	19.652447833435062	30.776097973068417	30.325661557297295	19.245792636199223
90-94	19.572717798453766	30.77212873316254	30.12291009704984	19.53224337133386
95-99	19.95668904815323	30.67155948511917	30.054884521123963	19.316866945603632
100	19.917224233806223	31.23012752687724	29.599271390297893	19.253376849018643
>>END_MODULE
>>Per base GC content	pass
#Base	%GC
1	33.859130800401346
2	35.40466891312326
3	36.98531654247604
4	38.59247046010028
5	38.21120153858241
6	39.21114288389493
7	39.08165896936159
8	37.99141124647511
9	38.47479165467115
10-14	38.388240239100654
15-19	38.5542453617057
20-24	38.63810187640842
25-29	38.769029769385895
30-34	38.812999074412815
35-39	38.856134042642495
40-44	38.80571253606725
45-49	38.83993455416031
50-54	38.89154705351846
55-59	38.805703861937836
60-64	38.84919338636632
65-69	38.83614265748934
70-74	38.83756526648626
75-79	38.868545697382714
80-84	38.99953280729221
85-89	38.89824046963429
90-94	39.10496116978763
95-99	39.273555993756865
100	39.17060108282487
>>END_MODULE
>>Per sequence GC content	pass
#GC Content	Count
0	100.0
1	144.0
2	298.0
3	479.5
4	642.0
5	758.5
6	844.5
7	986.5
8	1144.5
9	1356.5
10	1913.0
11	2848.5
12	3812.5
13	4986.5
14	6420.5
15	7226.0
16	8251.0
17	9916.5
18	11886.5
19	13744.0
20	16409.0
21	21293.0
22	25744.0
23	30407.5
24	37631.5
25	46227.5
26	58040.5
27	73862.0
28	90820.0
29	113487.5
30	144266.5
31	180111.0
32	221128.5
33	266152.0
34	310860.5
35	353595.5
36	394268.0
37	425590.5
38	446016.0
39	456703.5
40	454482.0
41	439884.0
42	413144.5
43	379179.5
44	341045.0
45	297882.0
46	254169.5
47	215576.5
48	180268.5
49	148704.0
50	123121.0
51	98696.0
52	77617.0
53	59422.0
54	42318.0
55	30868.0
56	23151.0
57	16871.5
58	12341.0
59	8920.0
60	6569.5
61	4624.5
62	3670.0
63	2953.0
64	1776.0
65	1201.5
66	915.0
67	661.5
68	509.5
69	405.5
70	353.0
71	312.5
72	262.5
73	234.5
74	197.0
75	156.5
76	119.5
77	93.0
78	91.5
79	71.0
80	47.5
81	37.0
82	24.5
83	18.5
84	14.5
85	8.5
86	8.0
87	6.0
88	2.0
89	3.0
90	2.0
91	0.5
92	1.0
93	1.0
94	0.5
95	0.0
96	0.0
97	0.0
98	0.0
99	0.0
100	0.0
>>END_MODULE
>>Per base N content	pass
#Base	N-Count
1	0.3657711692300738
2	0.0
3	6.726454986025117E-5
4	0.0
5	0.0
6	0.0
7	0.0028923756439908003
8	0.0017085195664503798
9	5.3811639888200935E-5
10-14	1.9910306758634346E-4
15-19	0.0
20-24	1.0224211578758178E-4
25-29	4.7354243101616826E-4
30-34	8.07174598323014E-6
35-39	0.0
40-44	0.0
45-49	1.8834073960870328E-4
50-54	7.183853925074824E-4
55-59	5.3811639888200935E-6
60-64	2.6905819944100468E-6
65-69	4.00896717167097E-4
70-74	4.5739893904970793E-5
75-79	0.0
80-84	1.0762327977640187E-5
85-89	1.5605375567578274E-4
90-94	5.3811639888200935E-6
95-99	2.663676174465946E-4
100	1.3452909972050234E-5
>>END_MODULE
>>Sequence Length Distribution	pass
#Length	Count
100	7433336.0
>>END_MODULE
>>Sequence Duplication Levels	warn
#Total Duplicate Percentage	36.7765603127866
#Duplication Level	Relative count
1	100.0
2	30.19086883493663
3	6.720109940448923
4	1.8628798289815238
5	1.118491372728661
6	0.9245686364330432
7	0.8390593983814323
8	0.7344632768361582
9	0.6535348908230264
10++	9.651091769735837
>>END_MODULE
>>Overrepresented sequences	pass
>>END_MODULE
>>Kmer Content	pass
>>END_MODULE
