##FastQC	0.10.0
>>Basic Statistics	pass
#Measure	Value	
Filename	3-012_M52cW_lib1_read-1.fastq.gz	
File type	Conventional base calls	
Encoding	Sanger / Illumina 1.9	
Total Sequences	8800735	
Filtered Sequences	0	
Sequence length	100	
%GC	39	
>>END_MODULE
>>Per base sequence quality	pass
#Base	Mean	Median	Lower Quartile	Upper Quartile	10th Percentile	90th Percentile
1	31.577481312640366	31.0	31.0	34.0	30.0	34.0
2	31.862435807918317	31.0	31.0	34.0	30.0	34.0
3	31.979494439953026	31.0	31.0	34.0	30.0	34.0
4	35.65489768752269	37.0	35.0	37.0	33.0	37.0
5	35.48915937134796	37.0	35.0	37.0	33.0	37.0
6	35.4513755953338	37.0	35.0	37.0	33.0	37.0
7	35.41825881588299	37.0	35.0	37.0	33.0	37.0
8	35.38779215599606	37.0	35.0	37.0	33.0	37.0
9	36.98033652871039	39.0	37.0	39.0	33.0	39.0
10-14	37.15628508300727	39.2	37.0	39.4	33.0	39.4
15-19	37.99884559641894	40.0	37.0	41.0	32.8	41.0
20-24	37.84377282124732	40.0	37.0	41.0	32.0	41.0
25-29	37.469831485665686	39.0	36.6	41.0	31.6	41.0
30-34	37.07801896091633	39.0	36.0	40.4	30.6	41.0
35-39	37.028049134532516	39.0	36.0	40.6	30.0	41.0
40-44	36.75679081349456	39.0	35.6	40.0	30.0	41.0
45-49	36.46987041423244	39.0	35.0	40.0	30.0	41.0
50-54	36.2393842332487	38.8	35.0	40.0	29.2	41.0
55-59	35.67747802882373	38.0	34.2	40.0	28.0	41.0
60-64	34.9377918094341	37.6	33.6	40.0	26.8	41.0
65-69	34.01829988063497	36.2	32.6	39.0	26.0	40.6
70-74	32.942333043774184	35.2	31.6	38.0	24.8	39.8
75-79	31.60316162229632	34.2	30.4	36.2	22.6	39.0
80-84	31.314302453147384	34.0	31.0	35.6	22.2	37.2
85-89	30.470201136609614	34.0	30.2	35.0	19.4	36.2
90-94	29.62940358958655	34.0	29.6	35.0	12.4	35.4
95-99	28.66640697623551	34.0	29.0	35.0	2.0	35.0
100	28.020889618878424	34.0	29.0	35.0	2.0	35.0
>>END_MODULE
>>Per sequence quality scores	pass
#Quality	Count
2	38.0
3	22.0
4	53.0
5	124.0
6	377.0
7	1278.0
8	3444.0
9	5944.0
10	8597.0
11	11404.0
12	14610.0
13	17909.0
14	21218.0
15	24303.0
16	27916.0
17	31699.0
18	35212.0
19	38428.0
20	42030.0
21	46031.0
22	50922.0
23	58211.0
24	68953.0
25	85124.0
26	106745.0
27	135266.0
28	167940.0
29	209562.0
30	257953.0
31	315990.0
32	388611.0
33	482822.0
34	614144.0
35	815633.0
36	1161684.0
37	1705502.0
38	1546267.0
39	296956.0
40	1813.0
>>END_MODULE
>>Per base sequence content	warn
#Base	G	A	T	C
1	14.045705665829406	32.600212579202584	33.22010636238681	20.1339753925812
2	21.524253448123837	34.039672627082666	30.38277060715886	14.053303317634633
3	18.488239902689944	30.965709114068314	31.991475711971784	18.554575271269957
4	18.908863861938805	30.257529626786855	31.123207323024726	19.710399188249617
5	19.425866135044405	30.51023579280594	31.22192635046959	18.841971721680064
6	19.36763236252427	30.236338214933184	30.51303101388691	19.88299840865564
7	19.993046035359548	30.284141040492642	30.53583592734016	19.186976996807655
8	18.878695927101543	30.545653289185502	31.378674622062817	19.196976161650134
9	19.02263476073563	29.757757983878108	31.706982006524797	19.512625248861468
10-14	19.19443281593201	30.713241428833125	30.822355647676652	19.269970107558205
15-19	19.238701691904314	30.548277392711626	30.7809904820326	19.432030433351457
20-24	19.36176030976853	30.517850230653575	30.658050642725932	19.462338816851965
25-29	19.532587079573194	30.500233343973104	30.506508120790706	19.460671455662997
30-34	19.526879364794034	30.48410274986924	30.465526897772477	19.523490987564244
35-39	19.61452992278486	30.47674313565856	30.414568783175493	19.49415815838109
40-44	19.588936032099248	30.489961508090545	30.459743301367602	19.4613591584426
45-49	19.603402290685672	30.47004707454668	30.445624936180515	19.480925698587132
50-54	19.62797305460767	30.45137189422459	30.394826329744173	19.525828721423572
55-59	19.62016138022145	30.48292819342627	30.43860880153896	19.458301624813316
60-64	19.607491685677005	30.463429478132774	30.414516214804742	19.51456262138548
65-69	19.663169635308506	30.560237587103817	30.32479864713859	19.45179413044909
70-74	19.726435615208405	30.55804596439455	30.28412296073014	19.431395459666902
75-79	19.688549448449688	30.63105011590606	30.227371956323946	19.453028479320306
80-84	19.972268048863047	30.436901516348907	30.077215633021044	19.513614801767
85-89	20.012125097957345	30.874448828709443	29.791307955625122	19.322118117708083
90-94	19.872868543674294	30.642587572042807	29.702374763607104	19.7821691206758
95-99	20.116815383695844	30.405725569640047	29.805585712074773	19.67187333458934
100	20.539750373122246	30.728228949059368	29.360047768737495	19.37197290908089
>>END_MODULE
>>Per base GC content	pass
#Base	%GC
1	34.17968105841061
2	35.577556765758466
3	37.0428151739599
4	38.61926305018842
5	38.26783785672447
6	39.25063077117991
7	39.1800230321672
8	38.07567208875168
9	38.535260009597096
10-14	38.46440292349021
15-19	38.67073212525577
20-24	38.824099126620496
25-29	38.993258535236194
30-34	39.050370352358286
35-39	39.10868808116595
40-44	39.05029519054185
45-49	39.08432798927281
50-54	39.15380177603124
55-59	39.07846300503476
60-64	39.122054307062484
65-69	39.114963765757594
70-74	39.157831074875304
75-79	39.141577927769994
80-84	39.48588285063005
85-89	39.33424321566543
90-94	39.6550376643501
95-99	39.78868871828518
100	39.911723282203134
>>END_MODULE
>>Per sequence GC content	pass
#GC Content	Count
0	93.0
1	129.5
2	249.0
3	434.5
4	580.5
5	628.0
6	648.5
7	702.0
8	813.5
9	993.0
10	1378.5
11	2084.0
12	2976.5
13	4195.0
14	5830.0
15	7120.0
16	8807.5
17	11119.5
18	13736.0
19	15947.5
20	19156.5
21	25047.0
22	30347.0
23	35896.0
24	44433.0
25	53881.0
26	67171.5
27	85457.5
28	104850.5
29	130297.5
30	165326.5
31	206845.5
32	253177.5
33	304549.0
34	355802.5
35	405206.5
36	453199.5
37	491026.5
38	517138.5
39	532942.5
40	532934.0
41	517804.0
42	489950.5
43	452487.5
44	408668.5
45	360545.5
46	310647.0
47	265389.0
48	224778.0
49	188631.0
50	158802.0
51	128761.0
52	103344.0
53	80230.5
54	57187.0
55	41914.0
56	31302.0
57	22734.0
58	16817.5
59	12451.0
60	9296.0
61	6616.5
62	5289.0
63	4214.5
64	2616.5
65	1728.0
66	1253.0
67	918.0
68	644.0
69	466.0
70	365.5
71	316.5
72	279.0
73	228.5
74	175.5
75	140.5
76	104.5
77	94.0
78	89.0
79	67.5
80	57.5
81	48.0
82	35.0
83	29.0
84	23.5
85	20.0
86	11.5
87	4.5
88	3.5
89	2.5
90	1.5
91	3.0
92	4.0
93	4.0
94	3.0
95	4.0
96	3.5
97	2.5
98	4.5
99	6.5
100	8.0
>>END_MODULE
>>Per base N content	pass
#Base	N-Count
1	0.08836761929543385
2	7.953881124701517E-5
3	0.0
4	0.0
5	0.0
6	0.0
7	0.0
8	0.0
9	0.001772579222076338
10-14	5.544991412649057E-4
15-19	0.0032338208115572165
20-24	5.408639164797032E-4
25-29	0.004795054049462915
30-34	7.044866139021343E-4
35-39	0.0
40-44	9.135600606085742E-4
45-49	0.0059404129314199325
50-54	0.020602824650441127
55-59	0.005954048156205136
60-64	0.0029429360161395608
65-69	0.007515281394110832
70-74	0.003474709782762463
75-79	0.0018157574338961463
80-84	6.363104899761214E-4
85-89	0.005410911702261232
90-94	0.0027043195823985154
95-99	0.0040110286243137646
100	0.0
>>END_MODULE
>>Sequence Length Distribution	pass
#Length	Count
100	8800735.0
>>END_MODULE
>>Sequence Duplication Levels	warn
#Total Duplicate Percentage	42.2411621263185
#Duplication Level	Relative count
1	100.0
2	34.975187023183466
3	8.749969138088536
4	2.292011291344674
5	1.0558888641993598
6	0.8929379716728802
7	0.7752512159593117
8	0.8139314783267083
9	0.7653754042910401
10++	14.276308750792122
>>END_MODULE
>>Overrepresented sequences	pass
>>END_MODULE
>>Kmer Content	warn
#Sequence	Count	Obs/Exp Overall	Obs/Exp Max	Max Obs/Exp Position
CGTCT	637365	1.1046625	7.778044	95-96
GTCTG	623345	1.0719385	7.7904434	95-96
>>END_MODULE
