##FastQC	0.10.0
>>Basic Statistics	pass
#Measure	Value	
Filename	3-008_M2-8_lib1_read-2.fastq.gz	
File type	Conventional base calls	
Encoding	Sanger / Illumina 1.9	
Total Sequences	9347515	
Filtered Sequences	0	
Sequence length	100	
%GC	36	
>>END_MODULE
>>Per base sequence quality	pass
#Base	Mean	Median	Lower Quartile	Upper Quartile	10th Percentile	90th Percentile
1	31.200172666211287	31.0	31.0	34.0	28.0	34.0
2	31.38468405774155	31.0	31.0	34.0	28.0	34.0
3	31.44922634518372	33.0	31.0	34.0	28.0	34.0
4	35.00394757323203	37.0	35.0	37.0	32.0	37.0
5	34.99156214245176	37.0	35.0	37.0	32.0	37.0
6	34.97900778977086	37.0	35.0	37.0	32.0	37.0
7	34.92640461127904	37.0	35.0	37.0	32.0	37.0
8	34.94081763976843	37.0	35.0	37.0	32.0	37.0
9	36.46548178847533	39.0	37.0	39.0	32.0	39.0
10-14	36.6271744950396	39.2	36.6	39.4	32.0	39.4
15-19	37.481211273798436	40.0	37.0	41.0	32.0	41.0
20-24	37.38051661858793	40.0	37.0	41.0	31.6	41.0
25-29	37.210398870715906	40.0	37.0	41.0	31.0	41.0
30-34	36.97623550216288	39.0	36.0	41.0	30.0	41.0
35-39	36.71145586821738	39.0	36.0	41.0	30.0	41.0
40-44	36.41947015864645	39.0	35.4	40.6	30.0	41.0
45-49	36.021249241108464	38.8	35.0	40.0	28.6	41.0
50-54	35.30691799906178	37.8	34.2	39.6	27.4	40.6
55-59	35.77762301531477	38.6	34.8	40.0	28.0	41.0
60-64	35.196918282559594	38.0	34.0	40.0	27.0	41.0
65-69	34.40875006886857	36.8	33.4	39.6	26.0	41.0
70-74	33.72943084873359	36.0	32.8	39.0	26.0	40.6
75-79	33.08756836442627	35.0	32.4	37.4	25.8	39.6
80-84	32.274114478553926	35.0	32.0	36.2	24.8	38.8
85-89	31.53365808987736	35.0	31.4	35.4	23.4	37.0
90-94	30.799365478418594	34.2	31.0	35.0	19.8	36.0
95-99	30.040520095447828	34.0	31.0	35.0	9.8	35.8
100	29.49291688753642	34.0	30.0	35.0	2.0	35.0
>>END_MODULE
>>Per sequence quality scores	pass
#Quality	Count
2	33705.0
3	7033.0
4	5882.0
5	6496.0
6	7716.0
7	9432.0
8	11269.0
9	13697.0
10	16396.0
11	18373.0
12	19810.0
13	20568.0
14	21619.0
15	22480.0
16	23401.0
17	25071.0
18	27729.0
19	30655.0
20	34678.0
21	40136.0
22	47099.0
23	55943.0
24	67680.0
25	81973.0
26	99836.0
27	122348.0
28	149777.0
29	184938.0
30	228500.0
31	284026.0
32	356926.0
33	453440.0
34	593315.0
35	808757.0
36	1183517.0
37	1791715.0
38	1805124.0
39	613118.0
40	23337.0
>>END_MODULE
>>Per base sequence content	fail
#Base	G	A	T	C
1	14.90671301696802	34.62086948824376	30.17949667885116	20.29292081593706
2	21.413235744627666	37.31281733458583	27.830361548092547	13.443585372693958
3	17.95627623331286	32.569436172468215	31.9423035410551	17.531984053163825
4	17.7182439853944	33.056053942868004	30.495034379185338	18.73066769255227
5	18.279466816164128	32.31262444005319	31.617846402057587	17.79006234172509
6	18.58866233432094	31.433402353459716	31.192386425697098	18.785548886522246
7	19.079562857080198	31.535878787035916	31.179612977352804	18.204945378531086
8	17.738511251386065	31.941879740230423	32.097076067810534	18.222532940572975
9	17.72513871333718	31.062212791314053	32.69237866962503	18.520269825723734
10-14	18.267775268972752	31.762347437004586	31.734547293611215	18.23533000041145
15-19	18.462730458890917	31.57830218181355	31.601961238902664	18.357006120392867
20-24	18.570942925674906	31.53440197692546	31.566240384340933	18.32841471305871
25-29	18.589174983570608	31.596011275442713	31.435771074337072	18.379042666649607
30-34	18.580627972524844	31.536550624637282	31.434353668225423	18.44846773461245
35-39	18.614705619621898	31.53834789246126	31.41467224176693	18.432274246149912
40-44	18.679044572378857	31.523911955705035	31.401780490098563	18.395262981817545
45-49	18.588147166613584	31.506620169696042	31.41517460595272	18.49005805773765
50-54	18.58150662014101	31.5284571256717	31.439898160827788	18.45013809335951
55-59	18.54533486565799	31.60706955918621	31.471082592846688	18.376512982309112
60-64	18.481541161599427	31.668399992903918	31.437407049805415	18.412651795691243
65-69	18.535761672377088	31.687192480581476	31.446516992014324	18.330528855027104
70-74	18.610238838213807	31.663787887955795	31.387078086394688	18.33889518743571
75-79	18.58768218356866	31.609225345562535	31.43571845855446	18.367374012314347
80-84	18.734193925786045	31.70190919211247	31.304385315710682	18.259511566390806
85-89	18.961414480843754	31.783919415201666	31.08498273391972	18.16968337003486
90-94	19.35173103263882	31.803618739410844	30.70038669565643	18.144263532293905
95-99	20.051735675203517	31.76360776099316	30.204386941342165	17.980269622461158
100	20.491510310494288	31.690508119002754	29.942802980257323	17.875178590245643
>>END_MODULE
>>Per base GC content	pass
#Base	%GC
1	35.19963383290508
2	34.85682111732163
3	35.48826028647669
4	36.44891167794667
5	36.06952915788922
6	37.374211220843186
7	37.28450823561128
8	35.96104419195904
9	36.24540853906091
10-14	36.5031052693842
15-19	36.819736579283784
20-24	36.89935763873361
25-29	36.96821765022021
30-34	37.029095707137294
35-39	37.04697986577181
40-44	37.0743075541964
45-49	37.07820522435124
50-54	37.03164471350052
55-59	36.9218478479671
60-64	36.89419295729067
65-69	36.866290527404196
70-74	36.94913402564951
75-79	36.95505619588301
80-84	36.99370549217685
85-89	37.13109785087861
90-94	37.49599456493272
95-99	38.032005297664675
100	38.36668890073993
>>END_MODULE
>>Per sequence GC content	warn
#GC Content	Count
0	284.0
1	472.5
2	872.0
3	1253.0
4	1728.0
5	2207.0
6	2633.5
7	3277.0
8	4301.0
9	6035.0
10	9127.5
11	13083.0
12	17663.0
13	24909.0
14	33419.0
15	40909.5
16	45776.5
17	51279.0
18	56479.0
19	58544.0
20	60191.0
21	66720.0
22	75968.5
23	85876.0
24	99479.5
25	110998.0
26	122884.0
27	136181.5
28	150764.0
29	173557.0
30	205641.5
31	245703.0
32	290256.5
33	337958.0
34	384733.5
35	427712.0
36	468699.0
37	499505.0
38	516186.0
39	521644.0
40	512997.0
41	490102.0
42	455197.5
43	412390.5
44	366369.0
45	319206.0
46	272560.5
47	231062.5
48	192677.0
49	158058.0
50	131914.0
51	107076.5
52	84914.5
53	65208.0
54	47180.5
55	35176.5
56	26705.5
57	20060.5
58	15301.0
59	11685.0
60	8760.5
61	6155.5
62	4844.5
63	3945.5
64	2678.5
65	1859.0
66	1350.0
67	991.5
68	763.5
69	634.5
70	491.5
71	408.5
72	387.0
73	369.5
74	335.5
75	300.5
76	346.0
77	347.5
78	285.5
79	254.0
80	211.5
81	187.0
82	161.0
83	148.5
84	133.0
85	120.0
86	98.0
87	72.5
88	64.0
89	51.0
90	46.5
91	42.5
92	26.0
93	13.5
94	7.0
95	4.5
96	4.5
97	2.0
98	2.0
99	1.0
100	0.0
>>END_MODULE
>>Per base N content	pass
#Base	N-Count
1	0.17390718281810727
2	0.020304861773423204
3	0.03977527717259614
4	0.001540516383231265
5	0.006900229633223375
6	0.0
7	0.0
8	0.0
9	0.0
10-14	8.686800716554079E-4
15-19	0.006055085228534001
20-24	0.0033570419517914654
25-29	0.005853962256278807
30-34	7.937938585816658E-4
35-39	0.0
40-44	0.005755540376239032
45-49	0.0010270109221541769
50-54	7.552809490008842E-4
55-59	0.0015897273232511528
60-64	0.016209655721333423
65-69	0.012345527126728335
70-74	3.487557923148559E-4
75-79	0.0035902590153639767
80-84	1.0698030439106009E-5
85-89	0.004302747842608437
90-94	0.0023086349687590764
95-99	0.0
100	0.0
>>END_MODULE
>>Sequence Length Distribution	pass
#Length	Count
100	9347515.0
>>END_MODULE
>>Sequence Duplication Levels	warn
#Total Duplicate Percentage	44.86243946305959
#Duplication Level	Relative count
1	100.0
2	32.68632880854896
3	7.8923225905098455
4	1.9749919301405006
5	0.9080715584172881
6	0.6787176568525849
7	0.6294490409609079
8	0.6447393010652215
9	0.6124598630672262
10++	23.864698187254717
>>END_MODULE
>>Overrepresented sequences	pass
>>END_MODULE
>>Kmer Content	warn
#Sequence	Count	Obs/Exp Overall	Obs/Exp Max	Max Obs/Exp Position
GGAAG	1327120	2.252325	7.986761	95-96
GAAGA	2229750	2.2270975	5.4592075	95-96
CGGAA	1030685	1.7869432	7.7949214	95-96
GATCG	915695	1.6102823	8.339349	95-96
ATCGG	913790	1.6069323	8.139748	95-96
AGAGC	884450	1.5334094	6.794762	95-96
TCGGA	858530	1.5097556	7.9047	95-96
GAGCG	494815	1.4576911	9.682737	95-96
AGATC	1331950	1.3784823	5.5486255	95-96
GCGTC	437825	1.3364525	5.1182203	90-94
CGTCG	420255	1.2828205	5.388213	95-96
>>END_MODULE
