##FastQC	0.10.0
>>Basic Statistics	pass
#Measure	Value	
Filename	3-001_M1-2_lib1_read-2.fastq.gz	
File type	Conventional base calls	
Encoding	Sanger / Illumina 1.9	
Total Sequences	7634285	
Filtered Sequences	0	
Sequence length	100	
%GC	38	
>>END_MODULE
>>Per base sequence quality	pass
#Base	Mean	Median	Lower Quartile	Upper Quartile	10th Percentile	90th Percentile
1	32.01484736291611	33.0	31.0	34.0	30.0	34.0
2	32.177494552535045	34.0	31.0	34.0	30.0	34.0
3	32.24154953607312	34.0	31.0	34.0	30.0	34.0
4	35.69193604902096	37.0	35.0	37.0	33.0	37.0
5	35.700370499660416	37.0	35.0	37.0	33.0	37.0
6	35.72398738061259	37.0	35.0	37.0	33.0	37.0
7	35.666598640213195	37.0	35.0	37.0	33.0	37.0
8	35.68567220112951	37.0	35.0	37.0	33.0	37.0
9	37.354834801163435	39.0	37.0	39.0	34.0	39.0
10-14	37.39001190026309	39.2	37.2	39.4	33.4	39.4
15-19	38.381091326823665	40.0	38.0	41.0	33.6	41.0
20-24	38.34523906299019	40.0	38.0	41.0	33.6	41.0
25-29	38.076280594711875	40.0	38.0	41.0	33.0	41.0
30-34	37.751972869757935	40.0	38.0	41.0	32.6	41.0
35-39	37.50343847524687	40.0	37.0	41.0	31.6	41.0
40-44	37.361699360188936	40.0	37.0	41.0	31.0	41.0
45-49	37.00437707002031	40.0	36.8	41.0	30.4	41.0
50-54	36.462925447504254	39.2	36.0	40.2	30.4	40.6
55-59	36.982247034267125	39.8	36.4	41.0	31.0	41.0
60-64	36.40375980199848	39.0	35.4	41.0	30.2	41.0
65-69	35.51520054595814	37.6	34.8	40.0	28.8	41.0
70-74	34.35442124573552	36.2	34.0	39.0	27.4	40.8
75-79	33.32240496654238	35.2	33.4	37.2	26.0	39.4
80-84	32.39529176602655	35.0	32.8	36.2	25.4	37.8
85-89	31.60931021045193	35.0	32.0	35.2	24.2	36.6
90-94	30.865628018864896	34.8	31.4	35.0	20.6	36.0
95-99	30.095157071028915	34.0	31.0	35.0	9.2	35.2
100	29.5489302534553	34.0	31.0	35.0	2.0	35.0
>>END_MODULE
>>Per sequence quality scores	pass
#Quality	Count
2	22731.0
3	4523.0
4	3955.0
5	4113.0
6	5450.0
7	6725.0
8	8060.0
9	9206.0
10	10755.0
11	12541.0
12	13188.0
13	14402.0
14	14889.0
15	15725.0
16	16824.0
17	18338.0
18	20269.0
19	22115.0
20	24613.0
21	27650.0
22	31508.0
23	36904.0
24	43249.0
25	51710.0
26	62271.0
27	74929.0
28	91877.0
29	112650.0
30	138946.0
31	174485.0
32	221367.0
33	287034.0
34	387199.0
35	552413.0
36	879292.0
37	1584092.0
38	2013424.0
39	601691.0
40	13172.0
>>END_MODULE
>>Per base sequence content	warn
#Base	G	A	T	C
1	13.518040365228693	34.6159030462473	31.01365175720023	20.852404831323778
2	20.168461587265966	34.814704313944276	30.13113608275424	14.88569801603552
3	18.377542171957316	32.10563751110133	30.565008605987252	18.9518117109541
4	19.00837358397935	30.437216720551053	30.271018251180276	20.283391444289325
5	19.54547401538167	30.71750873148828	30.958190373756032	18.778826879374012
6	19.65707332120821	30.472663779253722	29.835577267550267	20.034685631987802
7	20.030821606037524	30.44245967681195	30.412319211239343	19.114399505911187
8	18.477926280428207	31.055782325043797	31.349418321199035	19.116873073328968
9	18.739351480172907	30.131929978438038	31.725610689787654	19.403107851601405
10-14	19.153490152239108	30.929516654463164	30.763914439327177	19.15307875397055
15-19	19.263028238416098	30.737434189499186	30.74840146005654	19.25113611202818
20-24	19.374680250354672	30.7172572695429	30.652503054192024	19.255559425910405
25-29	19.385588899382817	30.784786563239173	30.535337258640222	19.294287278737787
30-34	19.437867818133263	30.711275343530957	30.4936725103296	19.357184328006184
35-39	19.428910189691294	30.708933916592585	30.502468377907334	19.359687515808787
40-44	19.523279447155375	30.680063022359107	30.49345333500303	19.30320419548249
45-49	19.440676573915088	30.671911511002765	30.491918346750026	19.39549356833212
50-54	19.41492735518549	30.698286329467884	30.557000429715792	19.329785885630834
55-59	19.356999526735514	30.776165546424	30.575285533838542	19.291549393001947
60-64	19.335649638440273	30.828322495164905	30.51138384275672	19.3246440236381
65-69	19.385423566238693	30.800844901908686	30.53236711335853	19.281364418494093
70-74	19.434388259464367	30.79133947859955	30.52176251814475	19.252509743791325
75-79	19.426780885835786	30.742392026304778	30.53140563881064	19.299421449048797
80-84	19.481792372547552	30.768624381784825	30.508085954914637	19.24149729075299
85-89	19.54972940945429	30.83058648805728	30.45889519916349	19.16078890332495
90-94	19.731486885691403	30.925462613664102	30.253851004668924	19.08919949597557
95-99	20.09934535751724	31.013467216275675	29.95657121885456	18.930616207352525
100	20.213509724107332	31.07606223334373	29.767331699603478	18.94309634294546
>>END_MODULE
>>Per base GC content	pass
#Base	%GC
1	34.370445196552474
2	35.054159603301486
3	37.32935388291141
4	39.29176502826867
5	38.32430089475569
6	39.69175895319601
7	39.14522111194871
8	37.59479935375717
9	38.14245933177431
10-14	38.30656890620966
15-19	38.514164350444275
20-24	38.63023967626508
25-29	38.6798761781206
30-34	38.79505214613945
35-39	38.78859770550008
40-44	38.82648364263787
45-49	38.83617014224721
50-54	38.744713240816324
55-59	38.648548919737465
60-64	38.660293662078374
65-69	38.666787984732785
70-74	38.68689800325569
75-79	38.72620233488458
80-84	38.72328966330054
85-89	38.71051831277924
90-94	38.820686381666974
95-99	39.029961564869765
100	39.15660606705279
>>END_MODULE
>>Per sequence GC content	pass
#GC Content	Count
0	147.0
1	213.0
2	365.0
3	495.0
4	622.5
5	768.0
6	831.5
7	893.0
8	1029.0
9	1316.5
10	1840.5
11	2720.5
12	3859.0
13	5194.5
14	7119.5
15	8967.5
16	10755.5
17	13097.5
18	14351.0
19	14532.0
20	16295.0
21	20302.5
22	24705.5
23	30432.5
24	38730.0
25	47991.5
26	60759.5
27	77954.5
28	97545.0
29	121739.0
30	152888.0
31	191737.0
32	236011.0
33	282353.5
34	327329.5
35	369510.5
36	409162.0
37	440115.5
38	458912.0
39	467057.5
40	463067.0
41	445716.0
42	416300.5
43	380075.5
44	340139.5
45	296351.5
46	252484.0
47	214478.5
48	180057.0
49	148958.0
50	123615.5
51	99579.0
52	78524.0
53	60051.0
54	43640.5
55	32519.5
56	24293.5
57	17751.5
58	13222.0
59	9975.0
60	7487.5
61	5431.5
62	4357.5
63	3556.0
64	2471.5
65	1746.0
66	1286.0
67	981.5
68	807.0
69	682.5
70	527.5
71	407.0
72	344.5
73	305.0
74	301.5
75	286.0
76	268.5
77	259.5
78	240.5
79	207.0
80	159.5
81	154.0
82	137.5
83	94.5
84	79.0
85	76.0
86	66.5
87	53.5
88	43.0
89	30.5
90	21.0
91	15.0
92	11.0
93	7.0
94	2.0
95	0.5
96	1.0
97	1.0
98	1.0
99	0.5
100	1.0
>>END_MODULE
>>Per base N content	pass
#Base	N-Count
1	0.10113586275597518
2	0.07493825551443259
3	8.514222353501342E-4
4	5.108533412100806E-4
5	0.0017552396851833536
6	0.0
7	3.929641086231389E-4
8	3.929641086231389E-5
9	1.0479042896617038E-4
10-14	0.023294912359179673
15-19	0.008681887039847215
20-24	0.002454715798532541
25-29	3.720060228299048E-4
30-34	1.231287540352502E-4
35-39	0.0010636228540066293
40-44	0.0022136978119103494
45-49	0.011579342400761826
50-54	0.005268338816274215
55-59	9.955090751786186E-4
60-64	0.0
65-69	0.0046815124140636615
70-74	0.005215943601791131
75-79	0.0018757486784944496
80-84	0.002242515179876046
85-89	0.004131362661991267
90-94	0.013153818595978535
95-99	0.0077492522220483
100	0.008226048673844374
>>END_MODULE
>>Sequence Length Distribution	pass
#Length	Count
100	7634285.0
>>END_MODULE
>>Sequence Duplication Levels	warn
#Total Duplicate Percentage	35.73887987602605
#Duplication Level	Relative count
1	100.0
2	29.424398625429554
3	6.447066980165189
4	1.8794839332006994
5	1.022638210646892
6	0.8470488937119431
7	0.738530174232833
8	0.649605112437451
9	0.6051425815397601
10++	9.106529209621993
>>END_MODULE
>>Overrepresented sequences	pass
>>END_MODULE
>>Kmer Content	warn
#Sequence	Count	Obs/Exp Overall	Obs/Exp Max	Max Obs/Exp Position
GGAAG	978440	1.9240558	5.006981	95-96
>>END_MODULE
