##FastQC	0.10.0
>>Basic Statistics	pass
#Measure	Value	
Filename	3-005_M14_lib1_read-2.fastq.gz	
File type	Conventional base calls	
Encoding	Sanger / Illumina 1.9	
Total Sequences	6795123	
Filtered Sequences	0	
Sequence length	100	
%GC	38	
>>END_MODULE
>>Per base sequence quality	pass
#Base	Mean	Median	Lower Quartile	Upper Quartile	10th Percentile	90th Percentile
1	32.01586402483075	33.0	31.0	34.0	30.0	34.0
2	32.17415505208662	34.0	31.0	34.0	30.0	34.0
3	32.23003718990812	34.0	31.0	34.0	30.0	34.0
4	35.694460865535476	37.0	35.0	37.0	33.0	37.0
5	35.71388494365738	37.0	35.0	37.0	33.0	37.0
6	35.73645127542209	37.0	35.0	37.0	35.0	37.0
7	35.68091909447408	37.0	35.0	37.0	33.0	37.0
8	35.699383660899144	37.0	35.0	37.0	33.0	37.0
9	37.371582677752855	39.0	37.0	39.0	34.0	39.0
10-14	37.392042910775864	39.2	37.2	39.4	33.4	39.4
15-19	38.382391488719186	40.0	38.0	41.0	33.4	41.0
20-24	38.354501279814954	40.0	38.0	41.0	33.6	41.0
25-29	38.0908467734874	40.0	38.0	41.0	33.0	41.0
30-34	37.76221169212096	40.0	38.0	41.0	32.6	41.0
35-39	37.50748329353273	40.0	37.0	41.0	31.6	41.0
40-44	37.34921454696258	40.0	37.0	41.0	31.0	41.0
45-49	36.979844308925685	40.0	36.8	41.0	30.2	41.0
50-54	36.433399395419336	39.2	36.0	40.2	30.2	40.6
55-59	36.93499346516612	39.6	36.4	41.0	31.0	41.0
60-64	36.336835963087054	39.0	35.2	41.0	30.0	41.0
65-69	35.43062834918514	37.4	34.6	40.0	28.8	41.0
70-74	34.25739369250564	36.2	34.0	39.0	27.2	40.8
75-79	33.234024078740006	35.0	33.2	37.2	26.0	39.2
80-84	32.322015480808815	35.0	32.8	36.0	25.4	37.8
85-89	31.544880791708994	35.0	32.0	35.2	24.0	36.6
90-94	30.79909805900496	34.8	31.4	35.0	20.0	36.0
95-99	30.019133928848674	34.0	31.0	35.0	8.8	35.2
100	29.45936416456332	34.0	31.0	35.0	2.0	35.0
>>END_MODULE
>>Per sequence quality scores	pass
#Quality	Count
2	18029.0
3	3805.0
4	3498.0
5	3653.0
6	4788.0
7	6082.0
8	7154.0
9	8502.0
10	9983.0
11	11145.0
12	12491.0
13	13255.0
14	13635.0
15	14686.0
16	15449.0
17	16751.0
18	18318.0
19	20389.0
20	22416.0
21	25558.0
22	28704.0
23	33416.0
24	39113.0
25	46604.0
26	55574.0
27	67793.0
28	82254.0
29	100695.0
30	124846.0
31	156563.0
32	198449.0
33	257983.0
34	348602.0
35	499675.0
36	798495.0
37	1419406.0
38	1750229.0
39	524084.0
40	13051.0
>>END_MODULE
>>Per base sequence content	fail
#Base	G	A	T	C
1	15.393245880213207	33.47600961330235	29.401655310017805	21.729089196466635
2	22.563387628942806	35.926207770361074	27.38831289693898	14.122091703757139
3	19.005164492462384	31.46316886711553	30.76561728068935	18.766049359732733
4	18.92098201553299	31.749840988031647	29.242587952529224	20.08658904390614
5	19.52102764883504	31.248125461552206	30.45042197166566	18.78042491794709
6	19.703778724829558	30.420538377303842	29.94578611748456	19.929896780382048
7	20.157304875509283	30.50646165574088	30.035636051646154	19.300597417103685
8	18.749053547469643	30.86404328052919	31.107056234990125	19.279846937011037
9	18.92411223711626	29.89412686821737	31.559529391265546	19.622231503400826
10-14	19.34102619608389	30.67572077863408	30.563504124801806	19.419748900480226
15-19	19.47528801527259	30.54572015062534	30.502446920015082	19.476544914086993
20-24	19.542090873944378	30.53868554034928	30.464618541268056	19.454605044438285
25-29	19.551362633580982	30.585489090389895	30.379254931603867	19.48389334442526
30-34	19.56945803673524	30.533024483783187	30.36630164927426	19.53121583020731
35-39	19.599706338369533	30.584241303138054	30.323668555821538	19.492383802670876
40-44	19.67020039851357	30.542400116933887	30.33796890296745	19.449430581585098
45-49	19.573733848540613	30.535227209806532	30.350450708246147	19.540588233406712
50-54	19.5456083012231	30.547078384048596	30.41737765999219	19.489935654736108
55-59	19.503909808547665	30.636308673802088	30.41960644638575	19.440175071264495
60-64	19.466341358834605	30.651987628538517	30.402670574253637	19.47900043837324
65-69	19.52274507588835	30.676624773689532	30.390530724667684	19.410099425754435
70-74	19.594141440787173	30.617530212936757	30.393809500780446	19.394518845495632
75-79	19.560056672465855	30.619243466848857	30.41262608287371	19.40807377781158
80-84	19.62632958656094	30.61574870021866	30.38344090389708	19.374480809323323
85-89	19.67816477102126	30.802282197791126	30.306101181273625	19.213451849913994
90-94	19.91902939599946	30.810206174723874	30.036492760984146	19.23427166829252
95-99	20.470838595149182	30.949064288179706	29.594510847018373	18.98558626965274
100	20.675791011461186	30.931443490224513	29.398055514631917	18.994709983682384
>>END_MODULE
>>Per base GC content	pass
#Base	%GC
1	37.122335076679846
2	36.68547933269994
3	37.77121385219512
4	39.00757105943913
5	38.30145256678213
6	39.633675505211606
7	39.45790229261297
8	38.02890048448068
9	38.54634374051708
10-14	38.76077509656412
15-19	38.95183292935958
20-24	38.99669591838266
25-29	39.03525597800625
30-34	39.10067386694255
35-39	39.09209014104041
40-44	39.11963098009866
45-49	39.11432208194732
50-54	39.03554395595921
55-59	38.944084879812166
60-64	38.945341797207846
65-69	38.93284450164278
70-74	38.9886602862828
75-79	38.968130450277435
80-84	39.00081039588426
85-89	38.89161662093525
90-94	39.15330106429198
95-99	39.45642486480192
100	39.67050099514357
>>END_MODULE
>>Per sequence GC content	pass
#GC Content	Count
0	65.0
1	126.5
2	266.0
3	385.5
4	497.5
5	602.5
6	695.5
7	797.0
8	976.0
9	1257.0
10	1699.5
11	2289.0
12	3228.5
13	4880.0
14	6604.5
15	8454.0
16	10020.5
17	11511.0
18	13356.0
19	14424.5
20	15715.0
21	19041.5
22	23657.5
23	28981.0
24	36204.0
25	43726.0
26	53628.0
27	66104.5
28	79979.5
29	99147.0
30	124642.5
31	156225.5
32	193706.0
33	234412.0
34	273729.5
35	311741.5
36	347705.0
37	376364.5
38	396634.5
39	408035.5
40	408365.0
41	396780.0
42	374001.5
43	344490.0
44	311390.5
45	275838.5
46	238487.0
47	204909.0
48	173946.5
49	145360.0
50	123518.5
51	101431.5
52	80791.5
53	62346.0
54	45185.0
55	33814.5
56	25652.5
57	18919.5
58	14143.5
59	10614.5
60	8044.0
61	5981.5
62	4798.5
63	3816.5
64	2479.5
65	1713.5
66	1282.0
67	892.0
68	651.0
69	534.0
70	411.0
71	334.5
72	300.0
73	285.0
74	257.5
75	209.5
76	181.0
77	172.0
78	164.0
79	157.5
80	148.5
81	133.5
82	117.5
83	102.0
84	88.5
85	87.0
86	79.0
87	62.5
88	51.5
89	42.0
90	34.5
91	21.5
92	11.5
93	5.5
94	1.0
95	1.5
96	1.0
97	0.0
98	0.5
99	0.5
100	0.0
>>END_MODULE
>>Per base N content	pass
#Base	N-Count
1	0.10344183615219327
2	0.07643717413209444
3	0.0010301505947721624
4	5.445081715224286E-4
5	0.0017218231369763284
6	0.0
7	5.592246085906025E-4
8	1.7659724481808498E-4
9	1.3244793361356374E-4
10-14	0.024388079509377537
15-19	0.009156567143817705
20-24	0.002854988791225707
25-29	4.6209612394065565E-4
30-34	1.9131368188625872E-4
35-39	0.0013480256354447152
40-44	0.002537113750553154
45-49	0.012667909028283962
50-54	0.00594249728812856
55-59	0.0012420672885538643
60-64	2.9432874136347494E-6
65-69	0.005362669667642514
70-74	0.005904234551751307
75-79	0.00217508939867608
80-84	0.002537113750553154
85-89	0.004479683443552088
90-94	0.014033594388210486
95-99	0.008444291589718097
100	0.009212489604676766
>>END_MODULE
>>Sequence Length Distribution	pass
#Length	Count
100	6795123.0
>>END_MODULE
>>Sequence Duplication Levels	warn
#Total Duplicate Percentage	35.922270115625345
#Duplication Level	Relative count
1	100.0
2	26.2517336260411
3	5.474920827987214
4	1.5982734197117916
5	0.9352309894462039
6	0.783191058568748
7	0.700125340235699
8	0.6763922778548278
9	0.5755267627361255
10++	11.336245577862986
>>END_MODULE
>>Overrepresented sequences	pass
>>END_MODULE
>>Kmer Content	warn
#Sequence	Count	Obs/Exp Overall	Obs/Exp Max	Max Obs/Exp Position
GGAAG	908095	1.9564298	6.2121615	95-96
CGGAA	649785	1.4171191	6.1136656	95-96
ATCGG	557340	1.2331747	6.3066206	95-96
GATCG	555060	1.22813	6.547181	95-96
TCGGA	516715	1.1432875	6.174923	95-96
GAGCG	284600	0.97318655	5.2910395	95-96
>>END_MODULE
