##FastQC	0.10.0
>>Basic Statistics	pass
#Measure	Value	
Filename	3-007_M34_lib1_read-1.fastq.gz	
File type	Conventional base calls	
Encoding	Sanger / Illumina 1.9	
Total Sequences	8129195	
Filtered Sequences	0	
Sequence length	100	
%GC	39	
>>END_MODULE
>>Per base sequence quality	pass
#Base	Mean	Median	Lower Quartile	Upper Quartile	10th Percentile	90th Percentile
1	31.651007387570356	31.0	31.0	34.0	30.0	34.0
2	31.93523122523202	31.0	31.0	34.0	30.0	34.0
3	32.049876525289406	33.0	31.0	34.0	30.0	34.0
4	35.714477386752314	37.0	35.0	37.0	33.0	37.0
5	35.55811602501847	37.0	35.0	37.0	33.0	37.0
6	35.52226130631631	37.0	35.0	37.0	33.0	37.0
7	35.490030931722025	37.0	35.0	37.0	33.0	37.0
8	35.46183798026742	37.0	35.0	37.0	33.0	37.0
9	37.07039774541022	39.0	37.0	39.0	33.0	39.0
10-14	37.252775188687195	39.2	37.0	39.4	33.0	39.4
15-19	38.11158903187831	40.0	37.0	41.0	33.0	41.0
20-24	37.9630372995112	40.0	37.0	41.0	32.8	41.0
25-29	37.60102243826111	39.4	37.0	41.0	32.0	41.0
30-34	37.222059527419376	39.0	36.0	40.6	31.0	41.0
35-39	37.17890182238217	39.0	36.0	41.0	31.0	41.0
40-44	36.9166158518771	39.0	36.0	40.4	30.0	41.0
45-49	36.6375210337555	39.0	35.2	40.0	30.0	41.0
50-54	36.41683406536563	39.0	35.0	40.0	29.6	41.0
55-59	35.864177695331456	38.2	34.4	40.0	28.2	41.0
60-64	35.132360805713226	37.6	34.0	40.0	27.6	41.0
65-69	34.21494120881588	36.4	32.8	39.2	26.0	40.6
70-74	33.13960678763395	35.2	31.8	38.2	25.4	39.8
75-79	31.795640601560184	34.4	30.8	36.2	23.6	39.0
80-84	31.501355374056107	34.2	31.0	35.6	23.4	37.2
85-89	30.688182630629477	34.0	30.8	35.0	20.4	36.2
90-94	29.87898149816802	34.0	30.0	35.0	16.0	35.4
95-99	28.97005073688108	34.0	29.2	35.0	3.0	35.0
100	28.342872941293695	34.0	29.0	35.0	2.0	35.0
>>END_MODULE
>>Per sequence quality scores	pass
#Quality	Count
2	25.0
3	16.0
4	44.0
5	97.0
6	313.0
7	992.0
8	2629.0
9	5159.0
10	7216.0
11	9757.0
12	12445.0
13	15551.0
14	17956.0
15	20901.0
16	23577.0
17	26677.0
18	29942.0
19	33288.0
20	35745.0
21	39246.0
22	43558.0
23	49953.0
24	59579.0
25	73923.0
26	93241.0
27	117021.0
28	146929.0
29	184326.0
30	227701.0
31	279398.0
32	345772.0
33	433074.0
34	556311.0
35	745994.0
36	1078231.0
37	1625518.0
38	1516793.0
39	269146.0
40	1151.0
>>END_MODULE
>>Per base sequence content	fail
#Base	G	A	T	C
1	14.454064664310911	33.564390167683555	31.808432923930518	20.173112244075014
2	21.945175349573574	34.17045240669734	30.065799913644533	13.818572330084548
3	18.566549332375466	30.989636735248695	31.89719277247009	18.546621159905747
4	18.901145808410305	30.606905111760756	30.72414919312429	19.767799886704648
5	19.45356213007561	30.680737760626975	30.843841241352926	19.021858867944488
6	19.35334310469856	30.187220259816623	30.5132550024941	19.94618163299072
7	19.890862502375697	30.291646343826173	30.44030805018209	19.37718310361604
8	18.78596835233993	30.424008773316423	31.387265282724798	19.40275759161885
9	19.052774588247104	29.635567655952876	31.674840257615116	19.6368174981849
10-14	19.24421268478594	30.61542207601696	30.725239223675725	19.415126015521377
15-19	19.28199901664732	30.495248276869287	30.672186806304325	19.550565900179073
20-24	19.395639373499304	30.477908338051947	30.57680425008608	19.54964803836267
25-29	19.531656002283633	30.47660105618505	30.43224274059152	19.5595002009398
30-34	19.509818907593036	30.47043116207606	30.405272998901506	19.614476931429397
35-39	19.61002042637678	30.471787181879634	30.351484987135873	19.566707404607715
40-44	19.568607778306195	30.487174383654224	30.40583964664327	19.538378191396315
45-49	19.58097654548087	30.474796078575327	30.404467655863915	19.539759720079886
50-54	19.6082598772618	30.449724667230825	30.356525157900133	19.58549029760724
55-59	19.602886363463014	30.474109901379137	30.395644768060254	19.52735896709759
60-64	19.597228419539963	30.44598249459759	30.38299292426509	19.573796161597354
65-69	19.63403132431489	30.55971454027972	30.296396923332203	19.509857212073182
70-74	19.670171053298787	30.53719606374114	30.28310562320199	19.509527259758084
75-79	19.627338184154315	30.53234358503594	30.285692171004825	19.55462605980492
80-84	19.69452905705964	30.553668175321576	30.2217289952376	19.530073772381183
85-89	19.75149620878755	30.630006707554326	30.157454068064528	19.4610430155936
90-94	19.925647193638323	30.690578205346856	29.92026693259282	19.463507668422
95-99	20.236314520340223	30.84518769526679	29.551031296027258	19.367466488365725
100	20.24441534493883	30.97178748941316	29.25967454342035	19.52412262222766
>>END_MODULE
>>Per base GC content	pass
#Base	%GC
1	34.62717690838593
2	35.76374767965812
3	37.11317049228121
4	38.66894569511496
5	38.4754209980201
6	39.29952473768928
7	39.26804560599174
8	38.18872594395878
9	38.689592086432
10-14	38.659338700307316
15-19	38.83256491682639
20-24	38.945287411861976
25-29	39.091156203223434
30-34	39.12429583902243
35-39	39.17672783098449
40-44	39.10698596970251
45-49	39.12073626556075
50-54	39.19375017486904
55-59	39.13024533056061
60-64	39.17102458113732
65-69	39.14388853638807
70-74	39.17969831305687
75-79	39.181964243959236
80-84	39.224602829440826
85-89	39.212539224381146
90-94	39.38915486206032
95-99	39.60378100870595
100	39.76853796716649
>>END_MODULE
>>Per sequence GC content	pass
#GC Content	Count
0	28.0
1	53.0
2	98.0
3	172.5
4	257.0
5	278.0
6	292.5
7	354.0
8	473.0
9	651.0
10	992.0
11	1449.0
12	1981.0
13	2646.5
14	3305.0
15	4167.0
16	5345.0
17	6984.0
18	8542.0
19	9535.0
20	11714.0
21	15629.0
22	19784.5
23	25549.5
24	34143.0
25	43933.5
26	57107.0
27	73962.0
28	94365.5
29	121243.0
30	155277.5
31	196264.5
32	243248.0
33	294902.5
34	343928.5
35	390256.5
36	435888.5
37	471526.0
38	493968.5
39	505626.0
40	503872.5
41	486394.0
42	455071.0
43	417008.0
44	375268.5
45	328183.5
46	280811.0
47	239775.0
48	201883.0
49	167302.5
50	139702.5
51	113027.5
52	89528.5
53	69055.0
54	49534.0
55	36190.0
56	27089.0
57	19695.0
58	14300.0
59	10533.0
60	7787.0
61	5402.5
62	4382.5
63	3526.0
64	2157.0
65	1443.5
66	1057.5
67	746.5
68	521.0
69	388.5
70	292.0
71	235.0
72	209.5
73	183.5
74	138.0
75	102.5
76	84.5
77	75.0
78	63.0
79	45.5
80	40.0
81	34.5
82	25.5
83	28.5
84	25.5
85	20.0
86	16.0
87	11.0
88	7.5
89	3.5
90	2.0
91	3.0
92	3.0
93	1.5
94	0.5
95	0.5
96	0.5
97	0.0
98	0.0
99	0.0
100	0.5
>>END_MODULE
>>Per base N content	pass
#Base	N-Count
1	0.09260449527905285
2	6.15067051534623E-5
3	0.0
4	0.0
5	0.0
6	0.0
7	0.0
8	0.0
9	0.002078926634187026
10-14	5.609411509995761E-4
15-19	0.003323822346493103
20-24	5.166563232890833E-4
25-29	0.004824585952237583
30-34	6.445902700082849E-4
35-39	0.0
40-44	8.979978952405496E-4
45-49	0.005852978062403473
50-54	0.02072037883209838
55-59	0.006015355764008613
60-64	0.0028317687052654044
65-69	0.0074865961512794316
70-74	0.0034246933429447814
75-79	0.0018673435684591155
80-84	6.790340248942239E-4
85-89	0.005533143195605469
90-94	0.002723516904195311
95-99	0.003894604570317233
100	0.0
>>END_MODULE
>>Sequence Length Distribution	pass
#Length	Count
100	8129195.0
>>END_MODULE
>>Sequence Duplication Levels	warn
#Total Duplicate Percentage	39.46938814476786
#Duplication Level	Relative count
1	100.0
2	34.0822345593338
3	8.042079364077976
4	2.1749416440603118
5	1.0567156646268374
6	0.7531070594915147
7	0.6458583054696865
8	0.4810422055390827
9	0.4266292347485963
10++	10.056147877105545
>>END_MODULE
>>Overrepresented sequences	pass
>>END_MODULE
>>Kmer Content	warn
#Sequence	Count	Obs/Exp Overall	Obs/Exp Max	Max Obs/Exp Position
GGAAG	1084965	1.9867057	5.204901	95-96
ATCGG	645975	1.1963178	5.108101	95-96
GATCG	629200	1.1652513	5.2983437	95-96
>>END_MODULE
