##FastQC	0.10.0
>>Basic Statistics	pass
#Measure	Value	
Filename	3-008_M2-8_lib1_read-1.fastq.gz	
File type	Conventional base calls	
Encoding	Sanger / Illumina 1.9	
Total Sequences	9347515	
Filtered Sequences	0	
Sequence length	100	
%GC	36	
>>END_MODULE
>>Per base sequence quality	pass
#Base	Mean	Median	Lower Quartile	Upper Quartile	10th Percentile	90th Percentile
1	31.676856255379104	31.0	31.0	34.0	30.0	34.0
2	31.952918716899624	31.0	31.0	34.0	30.0	34.0
3	32.06072383943754	33.0	31.0	34.0	30.0	34.0
4	35.72623772200419	37.0	35.0	37.0	33.0	37.0
5	35.57646636565975	37.0	35.0	37.0	33.0	37.0
6	35.54429000648835	37.0	35.0	37.0	33.0	37.0
7	35.513498507357305	37.0	35.0	37.0	33.0	37.0
8	35.487308124137805	37.0	35.0	37.0	33.0	37.0
9	37.09817122518659	39.0	37.0	39.0	33.0	39.0
10-14	37.28882307222828	39.2	37.2	39.4	33.0	39.4
15-19	38.16627570001225	40.0	37.0	41.0	33.0	41.0
20-24	38.03229797438143	40.0	37.0	41.0	33.0	41.0
25-29	37.689989478487064	39.8	37.0	41.0	32.0	41.0
30-34	37.32999549078017	39.0	36.2	41.0	31.2	41.0
35-39	37.271409310388904	39.0	36.0	41.0	31.0	41.0
40-44	37.01526574709963	39.0	36.0	40.8	30.6	41.0
45-49	36.75360899661568	39.0	36.0	40.4	30.0	41.0
50-54	36.55251559371662	39.0	35.4	40.4	30.0	41.0
55-59	36.05064751433937	38.4	34.8	40.0	28.6	41.0
60-64	35.385065271358215	38.0	34.0	40.0	28.0	41.0
65-69	34.54745743654864	36.6	33.4	39.6	26.4	41.0
70-74	33.548284051964615	35.6	32.2	38.6	25.8	40.0
75-79	32.2507491670246	34.6	31.0	36.8	24.6	39.2
80-84	31.985401938376135	35.0	31.0	36.0	24.6	38.4
85-89	31.16071749550549	34.0	31.0	35.2	21.8	36.8
90-94	30.31608317290745	34.0	30.6	35.0	18.8	36.0
95-99	29.391258446763658	34.0	29.8	35.0	4.8	35.4
100	28.764658628523197	34.0	29.0	35.0	2.0	35.0
>>END_MODULE
>>Per sequence quality scores	pass
#Quality	Count
2	39.0
3	24.0
4	53.0
5	118.0
6	344.0
7	1161.0
8	3273.0
9	5789.0
10	8353.0
11	11122.0
12	13818.0
13	17158.0
14	20139.0
15	22753.0
16	25557.0
17	29024.0
18	31920.0
19	35232.0
20	38549.0
21	41975.0
22	46671.0
23	53581.0
24	64220.0
25	78752.0
26	100025.0
27	126512.0
28	160168.0
29	200422.0
30	248922.0
31	306927.0
32	381171.0
33	476587.0
34	614201.0
35	824171.0
36	1181614.0
37	1786406.0
38	1825472.0
39	556836.0
40	8456.0
>>END_MODULE
>>Per base sequence content	fail
#Base	G	A	T	C
1	14.792470140669009	32.93722914959867	32.62139874907818	19.64890196065414
2	21.890874219190206	37.15694462705404	28.209403854952985	12.742777298802771
3	17.821174932589035	31.883821529037398	33.2661996263178	17.02880391205577
4	17.4571316547767	32.957454467845196	31.326293672703386	18.25912020467472
5	17.987860944860746	32.29582407730825	32.09678722098868	17.619527756842327
6	18.12734186572581	31.570946930815303	31.81093584765577	18.49077535580312
7	18.63122979743814	31.769919598952235	31.52004570198604	18.078804901623585
8	17.69801920617405	31.919713421160594	32.27303727247295	18.109230100192402
9	17.78442043307968	30.963377468204033	32.86911892408241	18.383083174633878
10-14	18.01095232264268	31.870597320114825	31.92980912611963	18.18864123112287
15-19	18.1727060694867	31.67432511065614	31.783598487632496	18.36937033222466
20-24	18.264977723906963	31.669334948031363	31.7160684741799	18.349618853881775
25-29	18.44173784899253	31.585136863323942	31.569101903602633	18.404023384080894
30-34	18.392352108511933	31.604414925868372	31.512691561771444	18.490541403848244
35-39	18.50798848677964	31.566682695882275	31.45582542526008	18.469503392078003
40-44	18.477626168483855	31.580431479725764	31.507187844740354	18.43475450705003
45-49	18.4767000264086	31.56659963734927	31.507821135499658	18.44887920074247
50-54	18.51703983037532	31.527147708490478	31.4569544076963	18.498858053437903
55-59	18.50044602708515	31.56536356289303	31.51123262885518	18.422957781166637
60-64	18.456087572374305	31.54893423085317	31.511656916908095	18.48332127986443
65-69	18.495802550140667	31.705916880035723	31.420377266892213	18.377903302931394
70-74	18.58780461424186	31.650588930941925	31.368198210564007	18.393408244252203
75-79	18.531421938033336	31.62128253959342	31.403890109605136	18.443405412768104
80-84	18.661162820866327	31.714748184098685	31.23272804680309	18.391360948231902
85-89	18.80210528559124	31.808746012779903	31.036835351159738	18.35231335046912
90-94	19.126260184991565	31.80831222536199	30.613345820987558	18.452081768658886
95-99	19.534556576899657	32.04292411125365	29.965937595744546	18.456581716102153
100	19.677219025591295	32.021986592158456	29.712773929755663	18.588020452494593
>>END_MODULE
>>Per base GC content	pass
#Base	%GC
1	34.44137210132315
2	34.63365151799298
3	34.84997884464481
4	35.71625185945141
5	35.60738870170307
6	36.61811722152893
7	36.71003469906173
8	35.80724930636645
9	36.167503607713556
10-14	36.199593553765546
15-19	36.54207640171136
20-24	36.61459657778874
25-29	36.845761233073425
30-34	36.88289351236018
35-39	36.97749187885764
40-44	36.91238067553388
45-49	36.925579227151076
50-54	37.015897883813224
55-59	36.92340380825179
60-64	36.939408852238735
65-69	36.87370585307207
70-74	36.98121285849407
75-79	36.97482735080144
80-84	37.05252376909823
85-89	37.15441863606036
90-94	37.57834195365045
95-99	37.99113829300181
100	38.26523947808589
>>END_MODULE
>>Per sequence GC content	warn
#GC Content	Count
0	213.0
1	390.5
2	788.5
3	1189.5
4	1677.5
5	2085.5
6	2416.0
7	3001.0
8	4056.5
9	5847.5
10	8961.0
11	13144.0
12	17951.5
13	25000.5
14	33687.5
15	41342.0
16	45840.5
17	51428.5
18	56851.5
19	58839.5
20	60333.0
21	66748.0
22	75583.0
23	85487.0
24	100157.0
25	112416.0
26	123941.0
27	137479.0
28	152963.5
29	175534.5
30	208154.0
31	249221.5
32	294474.0
33	343169.0
34	390627.0
35	434813.5
36	475431.5
37	504295.0
38	521058.5
39	525653.0
40	514516.0
41	490443.0
42	454778.0
43	410382.5
44	363383.5
45	315295.0
46	267440.0
47	226058.5
48	188272.0
49	153893.0
50	127517.5
51	102499.0
52	80997.0
53	62333.0
54	45220.5
55	33664.5
56	24891.0
57	18082.0
58	13404.0
59	10276.0
60	7777.0
61	5539.5
62	4467.0
63	3640.0
64	2507.5
65	1752.0
66	1239.5
67	917.5
68	708.5
69	577.0
70	440.5
71	320.0
72	283.5
73	274.0
74	230.5
75	186.5
76	186.0
77	200.5
78	172.0
79	138.5
80	120.5
81	95.0
82	68.5
83	49.0
84	35.0
85	27.0
86	20.5
87	15.0
88	15.0
89	10.0
90	4.5
91	3.0
92	1.5
93	0.5
94	0.0
95	0.5
96	0.5
97	0.0
98	0.0
99	0.0
100	0.5
>>END_MODULE
>>Per base N content	pass
#Base	N-Count
1	0.09245237905475413
2	8.558424351284807E-5
3	0.0
4	0.0
5	0.0
6	0.0
7	0.0
8	0.0
9	0.0019470415399172936
10-14	5.862520680630092E-4
15-19	0.003380577618757499
20-24	5.349015219553004E-4
25-29	0.004687876938416252
30-34	6.440214324341817E-4
35-39	0.0
40-44	8.729592838310503E-4
45-49	0.005993036651987186
50-54	0.02025993004557896
55-59	0.005873218711069199
60-64	0.0029419583707541524
65-69	0.007711140340507611
70-74	0.003466161862270347
75-79	0.0019192266607756178
80-84	6.761155237514998E-4
85-89	0.005633582829233224
90-94	0.0027429750045867805
95-99	0.004031017869455144
100	0.0
>>END_MODULE
>>Sequence Length Distribution	pass
#Length	Count
100	9347515.0
>>END_MODULE
>>Sequence Duplication Levels	warn
#Total Duplicate Percentage	46.532701811421575
#Duplication Level	Relative count
1	100.0
2	35.00515436898293
3	8.660213513182955
4	2.1971589817063584
5	0.9505005853266472
6	0.7032655985183374
7	0.6700679677808258
8	0.6150297905054776
9	0.6351230933202873
10++	25.287858403368684
>>END_MODULE
>>Overrepresented sequences	pass
>>END_MODULE
>>Kmer Content	warn
#Sequence	Count	Obs/Exp Overall	Obs/Exp Max	Max Obs/Exp Position
GGAAG	1313165	2.2846859	8.141095	95-96
GAAGA	2233360	2.2648256	5.5310817	95-96
CGGAA	1026745	1.8034278	7.87065	95-96
GATCG	919565	1.6352835	8.359192	95-96
ATCGG	914045	1.6254673	8.22816	95-96
AGAGC	893920	1.5701271	6.7610865	95-96
TCGGA	861210	1.5315095	7.9443274	95-96
GAGCA	830295	1.4583728	6.249304	95-96
AGATC	1322560	1.3708653	5.3929787	95-96
>>END_MODULE
