##FastQC	0.10.0
>>Basic Statistics	pass
#Measure	Value	
Filename	3-007_M34_lib1_read-2.fastq.gz	
File type	Conventional base calls	
Encoding	Sanger / Illumina 1.9	
Total Sequences	8129195	
Filtered Sequences	0	
Sequence length	100	
%GC	39	
>>END_MODULE
>>Per base sequence quality	pass
#Base	Mean	Median	Lower Quartile	Upper Quartile	10th Percentile	90th Percentile
1	31.155829205720863	31.0	31.0	34.0	28.0	34.0
2	31.346436393763465	31.0	31.0	34.0	28.0	34.0
3	31.414671317393665	33.0	31.0	34.0	28.0	34.0
4	34.964502512241374	37.0	35.0	37.0	32.0	37.0
5	34.93737313473228	37.0	35.0	37.0	32.0	37.0
6	34.91828600494883	37.0	35.0	37.0	32.0	37.0
7	34.86354909680479	37.0	35.0	37.0	32.0	37.0
8	34.877332134362625	37.0	35.0	37.0	32.0	37.0
9	36.39690510561009	39.0	37.0	39.0	32.0	39.0
10-14	36.54810706349152	39.2	35.4	39.4	32.0	39.4
15-19	37.38924262488475	40.0	37.0	41.0	31.8	41.0
20-24	37.27401138735139	40.0	37.0	41.0	31.0	41.0
25-29	37.09415426742746	39.2	36.4	41.0	30.8	41.0
30-34	36.85014070888938	39.0	36.0	41.0	30.0	41.0
35-39	36.575766112142716	39.0	36.0	41.0	30.0	41.0
40-44	36.26887604492204	39.0	35.0	40.0	29.4	41.0
45-49	35.84178647455252	38.2	34.8	40.0	28.0	41.0
50-54	35.09758570190529	37.8	33.6	39.6	27.0	40.6
55-59	35.53755529299026	38.0	34.0	40.0	27.8	41.0
60-64	34.891444700244	37.6	33.8	40.0	26.2	41.0
65-69	34.01977051848307	36.4	32.6	39.2	26.0	41.0
70-74	33.27536320631994	35.2	32.0	38.6	25.6	40.0
75-79	32.585750347974184	35.0	32.0	36.8	25.2	39.0
80-84	31.75242827856879	35.0	31.4	35.8	23.8	37.2
85-89	31.037844066970962	34.4	31.0	35.0	21.2	36.2
90-94	30.357943953860133	34.0	31.0	35.0	19.0	35.8
95-99	29.641580673117083	34.0	30.4	35.0	5.8	35.0
100	29.10485982929429	34.0	30.0	35.0	2.0	35.0
>>END_MODULE
>>Per sequence quality scores	pass
#Quality	Count
2	29444.0
3	6387.0
4	5523.0
5	6035.0
6	7255.0
7	8531.0
8	10440.0
9	12972.0
10	15768.0
11	17646.0
12	19049.0
13	19497.0
14	20343.0
15	20923.0
16	22217.0
17	23875.0
18	26027.0
19	28917.0
20	32474.0
21	37956.0
22	43814.0
23	52003.0
24	62937.0
25	76239.0
26	92540.0
27	113273.0
28	138394.0
29	169657.0
30	209783.0
31	259397.0
32	324656.0
33	411108.0
34	535747.0
35	727502.0
36	1076056.0
37	1635726.0
38	1521681.0
39	303856.0
40	3547.0
>>END_MODULE
>>Per base sequence content	fail
#Base	G	A	T	C
1	14.212251773344594	34.96899380985211	30.164029369161888	20.654725047641403
2	21.515803766839625	34.68799230666636	29.483771013081917	14.3124329134121
3	18.827084568300574	31.539323059308334	30.6433659908204	18.990226381570697
4	19.252403382776095	30.640813092480645	29.817753903494165	20.289029621249092
5	19.728501666032074	30.707975978628532	30.422293151522496	19.141229203816895
6	19.836650492453433	30.043048542936905	29.958796658217697	20.16150430639196
7	20.266939100366027	30.07294080164149	30.103239004600084	19.5568810933924
8	18.812834481150965	30.491001876569573	31.24099003652883	19.45517360575063
9	19.02487269649701	29.763783498858125	31.46857714693767	19.74276665770719
10-14	19.441801136663624	30.555487624226785	30.603743743914162	19.398967495195425
15-19	19.53091501871328	30.401156689018283	30.551586295454424	19.516341996814013
20-24	19.665369268595352	30.3674037757903	30.463490144578074	19.50373681103627
25-29	19.651519655173356	30.45978042318806	30.378456680412206	19.510243241226377
30-34	19.678553221571864	30.41698339781376	30.328068639831287	19.576394740783094
35-39	19.710529763402157	30.419127601195445	30.327856571284116	19.54248606411828
40-44	19.76094983508229	30.40523990946373	30.320820720544877	19.512989534909096
45-49	19.725245004415484	30.39533633091941	30.276351724617435	19.603066940047672
50-54	19.69538359516069	30.42945993986027	30.33192189171803	19.543234573261014
55-59	19.641080934792704	30.484201462035966	30.349576058776673	19.525141544394657
60-64	19.633465938606133	30.52137172108793	30.299049492563434	19.546112847742506
65-69	19.701475614542485	30.530157732421525	30.26652358351208	19.50184306952391
70-74	19.72129590750422	30.50474325375494	30.291144482141625	19.482816356599212
75-79	19.6968332218834	30.50568219967647	30.28375089516902	19.513733683271113
80-84	19.773600198317315	30.49340042846066	30.283475568009543	19.449523805212483
85-89	19.840493125389617	30.629564558268452	30.191738972682174	19.33820334365976
90-94	20.062502492612946	30.683288531293773	29.940505250091775	19.313703726001506
95-99	20.468558079859076	30.745710983682883	29.65532257499051	19.130408361467524
100	20.637516998915636	30.73737313473228	29.460112594174454	19.164997272177626
>>END_MODULE
>>Per base GC content	pass
#Base	%GC
1	34.866976820986004
2	35.82823668025172
3	37.81731094987128
4	39.54143300402519
5	38.86973086984897
6	39.9981547988454
7	39.82382019375842
8	38.268008086901595
9	38.7676393542042
10-14	38.84076863185905
15-19	39.04725701552729
20-24	39.16910607963162
25-29	39.16176289639973
30-34	39.25494796235496
35-39	39.253015827520436
40-44	39.27393936999138
45-49	39.32831194446316
50-54	39.2386181684217
55-59	39.16622247918736
60-64	39.179578786348635
65-69	39.203318684066396
70-74	39.20411226410343
75-79	39.210566905154515
80-84	39.2231240035298
85-89	39.17869646904937
90-94	39.37620621861445
95-99	39.5989664413266
100	39.802514271093266
>>END_MODULE
>>Per sequence GC content	pass
#GC Content	Count
0	60.0
1	78.5
2	135.0
3	213.0
4	305.0
5	368.5
6	376.5
7	448.0
8	600.0
9	750.5
10	1070.0
11	1572.5
12	2091.0
13	2754.5
14	3512.5
15	4357.5
16	5509.0
17	7153.0
18	8709.5
19	9755.5
20	12039.5
21	15808.0
22	19889.0
23	25527.5
24	33437.5
25	42887.0
26	55995.0
27	72933.5
28	92690.0
29	118295.5
30	151706.0
31	191969.0
32	238264.5
33	289525.0
34	338403.0
35	384425.0
36	430251.0
37	466434.5
38	489970.0
39	503207.5
40	501867.0
41	485559.5
42	456607.0
43	419625.0
44	378898.0
45	332813.5
46	285372.5
47	244804.5
48	206751.0
49	171274.5
50	143471.5
51	116831.5
52	92374.5
53	70773.5
54	51134.5
55	37751.0
56	28552.0
57	21261.5
58	15735.0
59	11468.5
60	8480.5
61	5954.5
62	4617.0
63	3616.5
64	2151.5
65	1400.0
66	1067.5
67	777.5
68	575.0
69	466.5
70	375.0
71	330.5
72	312.0
73	290.5
74	246.5
75	206.5
76	195.0
77	184.0
78	176.0
79	169.5
80	162.0
81	156.5
82	133.5
83	124.0
84	127.5
85	113.0
86	93.0
87	77.5
88	63.0
89	52.5
90	36.5
91	25.5
92	23.5
93	16.0
94	11.0
95	7.0
96	2.5
97	2.0
98	1.5
99	0.5
100	0.5
>>END_MODULE
>>Per base N content	pass
#Base	N-Count
1	0.17074261350601136
2	0.020161897949304945
3	0.03857700547225156
4	0.0016237770160514049
5	0.007380804618415476
6	0.0
7	0.0
8	0.0
9	0.0
10-14	8.684746767668878E-4
15-19	0.005855438330609612
20-24	0.0031786665223309317
25-29	0.00553068292739933
30-34	7.479215346661016E-4
35-39	0.0
40-44	0.005835756184960504
45-49	9.373621865387655E-4
50-54	7.331599254292707E-4
55-59	0.0014761609236830953
60-64	0.015534133453558441
65-69	0.011824048998701594
70-74	3.493580852716659E-4
75-79	0.0034837397798921045
80-84	7.380804618415476E-6
85-89	0.004202138096084545
90-94	0.002155194948577319
95-99	0.0
100	0.0
>>END_MODULE
>>Sequence Length Distribution	pass
#Length	Count
100	8129195.0
>>END_MODULE
>>Sequence Duplication Levels	warn
#Total Duplicate Percentage	37.90712928075223
#Duplication Level	Relative count
1	100.0
2	31.969867534350087
3	7.461409163107006
4	1.964624423643345
5	0.9445309729054544
6	0.7055068083334618
7	0.5813684518944593
8	0.4649405523771339
9	0.41636467377056763
10++	9.700525853162059
>>END_MODULE
>>Overrepresented sequences	pass
>>END_MODULE
>>Kmer Content	warn
#Sequence	Count	Obs/Exp Overall	Obs/Exp Max	Max Obs/Exp Position
GGAAG	1096770	1.9664938	5.1820264	95-96
ATCGG	644695	1.1829655	5.142952	95-96
GATCG	630215	1.156396	5.3538666	95-96
>>END_MODULE
