##FastQC	0.10.0
>>Basic Statistics	pass
#Measure	Value	
Filename	3-003_M8_lib1_read-1.fastq.gz	
File type	Conventional base calls	
Encoding	Sanger / Illumina 1.9	
Total Sequences	7255107	
Filtered Sequences	0	
Sequence length	100	
%GC	39	
>>END_MODULE
>>Per base sequence quality	pass
#Base	Mean	Median	Lower Quartile	Upper Quartile	10th Percentile	90th Percentile
1	32.10618602868297	33.0	31.0	34.0	30.0	34.0
2	32.41455267303432	34.0	31.0	34.0	31.0	34.0
3	32.51119094453052	34.0	31.0	34.0	31.0	34.0
4	36.05955239529892	37.0	35.0	37.0	35.0	37.0
5	35.93538399916087	37.0	35.0	37.0	35.0	37.0
6	35.91824696727422	37.0	35.0	37.0	35.0	37.0
7	35.88017309737816	37.0	35.0	37.0	35.0	37.0
8	35.82632110043311	37.0	35.0	37.0	35.0	37.0
9	37.56515293296157	39.0	37.0	39.0	35.0	39.0
10-14	37.667004663060105	39.2	37.2	39.4	34.2	39.4
15-19	38.75622327830589	40.0	38.0	41.0	34.2	41.0
20-24	38.664988621118894	40.0	38.0	41.0	34.0	41.0
25-29	38.342187951190795	40.0	38.0	41.0	34.0	41.0
30-34	38.156057546773596	40.0	38.0	41.0	33.4	41.0
35-39	37.76031906903647	40.0	37.0	41.0	32.8	41.0
40-44	37.82516624496372	40.0	37.2	41.0	32.8	41.0
45-49	37.500120535782585	40.0	37.0	41.0	31.6	41.0
50-54	37.54169400947498	40.0	37.0	41.0	31.6	41.0
55-59	37.216573153228474	39.2	36.0	41.0	31.0	41.0
60-64	36.58458393515078	38.8	35.2	40.6	30.8	41.0
65-69	35.57157966105807	37.2	34.2	39.8	29.0	41.0
70-74	34.79099398534026	36.0	34.0	38.8	29.0	40.6
75-79	33.30368293672306	34.8	32.6	36.6	27.8	39.2
80-84	33.09705086361924	35.0	33.0	36.0	27.6	37.6
85-89	32.26581876738689	35.0	32.4	35.2	26.2	36.4
90-94	31.70650966277961	35.0	32.0	35.0	25.0	36.0
95-99	31.435819733602823	35.0	32.0	35.0	25.0	35.2
100	31.077422841592824	35.0	32.0	35.0	24.0	35.0
>>END_MODULE
>>Per sequence quality scores	pass
#Quality	Count
2	79.0
3	26.0
4	47.0
5	78.0
6	210.0
7	502.0
8	1411.0
9	2579.0
10	3661.0
11	5005.0
12	6079.0
13	7378.0
14	8395.0
15	9493.0
16	10643.0
17	12201.0
18	14082.0
19	15605.0
20	17928.0
21	19746.0
22	22711.0
23	26642.0
24	32905.0
25	42087.0
26	54573.0
27	70815.0
28	92062.0
29	117408.0
30	146513.0
31	182929.0
32	227265.0
33	288634.0
34	378017.0
35	528605.0
36	839737.0
37	1553434.0
38	1978224.0
39	530210.0
40	7188.0
>>END_MODULE
>>Per base sequence content	fail
#Base	G	A	T	C
1	14.307816448416045	32.44232870077879	32.34164765812824	20.90820719267693
2	22.329567296526434	34.44434382566653	29.171520144361757	14.054568733445283
3	18.753417424076503	30.661773188760073	31.923947557435124	18.660861829728308
4	18.762672969537185	30.530466332198824	30.71705213996155	19.98980855830245
5	19.524357118371928	30.41866922155662	31.162297123943176	18.894676536128273
6	19.506645456779616	30.03587679685496	30.503409529315007	19.954068217050416
7	20.15434796811978	30.106427292097237	30.452055478044787	19.287169261738192
8	19.05750847383102	30.35717657780866	31.306772186785274	19.278542761575043
9	19.186936422542864	29.464185415424147	31.695084135952307	19.653794026080675
10-14	19.339968891376518	30.473130714880842	30.746353899957523	19.440546493785114
15-19	19.38264995714742	30.32506761444974	30.715272802354644	19.57700962604819
20-24	19.432976038044846	30.369094251591928	30.630234661936058	19.56769504842717
25-29	19.56402674099438	30.361895488925132	30.48275428603249	19.591323484048
30-34	19.53400650708654	30.353303196579244	30.457668321188873	19.65502197514534
35-39	19.665270766968	30.36285701030025	30.384750557324747	19.587121665407
40-44	19.60246372127637	30.371298207287488	30.442486687721075	19.58375138371506
45-49	19.630726309637428	30.370388768677596	30.427306004698107	19.57157891698687
50-54	19.63202535056543	30.32679100738587	30.39090070178558	19.650282940263114
55-59	19.63232569261774	30.3529136680543	30.431622375513808	19.583138263814153
60-64	19.614703917083943	30.325422390095408	30.444384122178665	19.615489570641984
65-69	19.635367469850458	30.49000252926051	30.322894907502807	19.551735093386224
70-74	19.67782739678688	30.474275161400836	30.32307128078977	19.524826161022514
75-79	19.664986333075447	30.426192198130224	30.33177870429754	19.577042764496788
80-84	19.742278603297557	30.416678417012193	30.275205635181777	19.56583734450847
85-89	19.75659870570993	30.535994212069117	30.221941898226863	19.485465183994094
90-94	19.918939858502434	30.520412724443624	30.0285440311218	19.532103385932146
95-99	20.20436527878726	30.727761302289448	29.643771634128857	19.42410178479444
100	20.226419879519316	30.845246209393245	29.360498573073716	19.567835338013715
>>END_MODULE
>>Per base GC content	pass
#Base	%GC
1	35.21602364109297
2	36.384136029971714
3	37.41427925380481
4	38.752481527839635
5	38.419033654500204
6	39.460713673830035
7	39.44151722985797
8	38.33605123540607
9	38.84073044862354
10-14	38.780515385161635
15-19	38.95965958319562
20-24	39.00067108647202
25-29	39.155350225042376
30-34	39.18902848223188
35-39	39.252392432375004
40-44	39.186215104991426
45-49	39.202305226624304
50-54	39.282308290828546
55-59	39.2154639564319
60-64	39.23019348772593
65-69	39.18710256323668
70-74	39.20265355780939
75-79	39.242029097572235
80-84	39.30811594780603
85-89	39.24206388970403
90-94	39.45104324443457
95-99	39.6284670635817
100	39.79425521753303
>>END_MODULE
>>Per sequence GC content	pass
#GC Content	Count
0	62.0
1	99.0
2	193.0
3	291.5
4	364.0
5	431.5
6	507.5
7	554.0
8	656.5
9	859.0
10	1194.0
11	1696.5
12	2453.0
13	3657.5
14	5024.5
15	6478.0
16	7741.5
17	9099.0
18	10827.0
19	11794.0
20	13006.0
21	16345.5
22	20808.5
23	26175.5
24	33642.5
25	41762.5
26	52530.0
27	66942.5
28	82706.5
29	103743.0
30	132161.5
31	166831.5
32	207332.5
33	251703.0
34	295425.0
35	336668.5
36	375732.0
37	408216.0
38	429215.0
39	441151.0
40	442723.5
41	430147.5
42	405371.0
43	373390.5
44	337560.0
45	298446.0
46	257555.0
47	221507.0
48	188536.0
49	157749.5
50	133328.5
51	108155.5
52	85814.5
53	66682.5
54	47564.0
55	34804.5
56	26406.0
57	19240.0
58	14242.0
59	10506.0
60	7793.5
61	5449.5
62	4475.5
63	3607.5
64	1976.0
65	1251.5
66	957.0
67	692.5
68	521.0
69	441.5
70	358.0
71	304.5
72	260.0
73	223.5
74	191.0
75	166.0
76	140.5
77	107.5
78	86.0
79	75.5
80	55.0
81	48.5
82	49.5
83	34.5
84	23.0
85	11.5
86	7.5
87	6.5
88	5.5
89	2.5
90	1.0
91	1.0
92	0.0
93	0.5
94	1.0
95	0.5
96	0.5
97	0.5
98	0.0
99	0.0
100	0.0
>>END_MODULE
>>Per base N content	pass
#Base	N-Count
1	0.36302703736829794
2	0.0
3	1.102671538820861E-4
4	0.0
5	0.0
6	0.0
7	0.0027704622412874132
8	0.0017091408851723344
9	5.513357694104305E-5
10-14	1.736707673642856E-4
15-19	1.3783394235260763E-5
20-24	8.545704425861671E-5
25-29	3.997184328225621E-4
30-34	1.9296751929365065E-5
35-39	1.6540073082312914E-5
40-44	8.270036541156457E-6
45-49	1.5437401543492052E-4
50-54	5.78902557880952E-4
55-59	1.6540073082312914E-5
60-64	1.102671538820861E-5
65-69	3.0323467317573677E-4
70-74	3.0323467317573674E-5
75-79	0.0
80-84	1.6540073082312914E-5
85-89	1.3783394235260762E-4
90-94	0.0
95-99	2.673978481640588E-4
100	2.7566788470521526E-5
>>END_MODULE
>>Sequence Length Distribution	pass
#Length	Count
100	7255107.0
>>END_MODULE
>>Sequence Duplication Levels	warn
#Total Duplicate Percentage	37.71134040082696
#Duplication Level	Relative count
1	100.0
2	29.051422336056255
3	6.116727035751633
4	1.7254444326568965
5	0.9085673582589455
6	0.7554976281769546
7	0.6441052998499613
8	0.5766636861009654
9	0.5122531561159692
10++	11.263507267023325
>>END_MODULE
>>Overrepresented sequences	pass
>>END_MODULE
>>Kmer Content	pass
>>END_MODULE
