##FastQC	0.10.0
>>Basic Statistics	pass
#Measure	Value	
Filename	3-004_M13_lib1_read-1.fastq.gz	
File type	Conventional base calls	
Encoding	Sanger / Illumina 1.9	
Total Sequences	6955193	
Filtered Sequences	0	
Sequence length	100	
%GC	38	
>>END_MODULE
>>Per base sequence quality	pass
#Base	Mean	Median	Lower Quartile	Upper Quartile	10th Percentile	90th Percentile
1	32.21409341192976	33.0	31.0	34.0	31.0	34.0
2	32.519201120659055	34.0	31.0	34.0	31.0	34.0
3	32.616993374590756	34.0	31.0	34.0	31.0	34.0
4	36.14073297462774	37.0	35.0	37.0	35.0	37.0
5	36.02457084943581	37.0	35.0	37.0	35.0	37.0
6	36.008952735028345	37.0	35.0	37.0	35.0	37.0
7	35.9741792930836	37.0	35.0	37.0	35.0	37.0
8	35.9209080179371	37.0	35.0	37.0	35.0	37.0
9	37.681941967677965	39.0	37.0	39.0	35.0	39.0
10-14	37.79180034256418	39.2	37.2	39.4	34.6	39.4
15-19	38.91129390658174	40.0	38.0	41.0	35.2	41.0
20-24	38.82324910322403	40.0	38.0	41.0	34.4	41.0
25-29	38.51562971724868	40.0	38.0	41.0	34.0	41.0
30-34	38.347461414801856	40.0	38.0	41.0	33.8	41.0
35-39	37.96613100456019	40.0	37.8	41.0	33.0	41.0
40-44	38.0361342668708	40.0	38.0	41.0	33.0	41.0
45-49	37.727316495746415	40.0	37.0	41.0	32.6	41.0
50-54	37.782087916180046	40.0	37.0	41.0	32.4	41.0
55-59	37.48040265741008	39.6	36.6	41.0	32.0	41.0
60-64	36.86575653615939	38.8	35.6	40.8	30.8	41.0
65-69	35.86729515629545	37.4	34.8	39.8	29.8	41.0
70-74	35.08125390625393	36.2	34.0	39.0	29.4	40.6
75-79	33.58773719147693	35.0	32.8	37.0	28.2	39.2
80-84	33.35324825637476	35.0	33.6	36.2	28.8	37.8
85-89	32.52606819106242	35.0	33.0	35.2	26.6	36.4
90-94	31.98736293874232	35.0	32.8	35.0	25.8	36.0
95-99	31.761257552450378	35.0	33.0	35.0	25.8	35.4
100	31.42901110005143	35.0	32.0	35.0	25.0	35.0
>>END_MODULE
>>Per sequence quality scores	pass
#Quality	Count
2	69.0
3	23.0
4	43.0
5	76.0
6	176.0
7	435.0
8	1106.0
9	2026.0
10	3145.0
11	4180.0
12	5316.0
13	5915.0
14	6795.0
15	7783.0
16	9011.0
17	10245.0
18	11520.0
19	13190.0
20	14783.0
21	16696.0
22	19032.0
23	22803.0
24	27980.0
25	35581.0
26	46788.0
27	60692.0
28	78247.0
29	101173.0
30	128228.0
31	161560.0
32	203220.0
33	258192.0
34	340156.0
35	480219.0
36	776973.0
37	1496867.0
38	2035791.0
39	560888.0
40	8270.0
>>END_MODULE
>>Per base sequence content	fail
#Base	G	A	T	C
1	13.915347137285504	33.53026466393343	32.12440526661199	20.42998293216908
2	21.51025859383054	34.09573249800545	30.350789690523328	14.04321921764069
3	18.380845602116178	30.86850588898701	32.044520448482615	18.7061280604142
4	18.720256936076396	30.33838169551873	31.00573916496638	19.9356222034385
5	19.537545543308433	30.471275204009434	31.125980256766418	18.865198995915712
6	19.45408272638876	30.113154300678644	30.52576686225673	19.906996110675866
7	19.959591788494702	30.289738839071966	30.570226808772137	19.18044256366119
8	18.814762052923648	30.524555015646126	31.450454315668154	19.21022861576207
9	19.103216446998573	29.639334080017942	31.770462057830194	19.48698741515329
10-14	19.227526489754485	30.64890516989669	30.820098448643947	19.30346989170488
15-19	19.246938445584913	30.48064349736752	30.814215865545286	19.45820219150228
20-24	19.326564802552983	30.514565286910887	30.727965719514614	19.43090419102151
25-29	19.430784887980774	30.505167729205834	30.58825420516373	19.475793177649663
30-34	19.41719908909483	30.50234015120446	30.558105688993532	19.52235507070718
35-39	19.52586730816727	30.51159678951791	30.504318773534393	19.458217128780426
40-44	19.44234585250738	30.527795880160095	30.558515374541894	19.471342892790634
45-49	19.51535416326992	30.503831531655102	30.542473223561945	19.438341081513038
50-54	19.4961556968028	30.485312707768745	30.492734547756463	19.525797047671993
55-59	19.478621468472966	30.520487111183293	30.554576750457684	19.446314669886057
60-64	19.454712471674043	30.528817820008737	30.52018829671585	19.496281411601373
65-69	19.480909884301894	30.673179807251294	30.43115552890871	19.4147547795381
70-74	19.50951377563011	30.64772567908371	30.434184369015348	19.40857617627083
75-79	19.461947913219603	30.588500724235857	30.487338898786533	19.462212463758014
80-84	19.539644628070658	30.566560923120456	30.477536781155717	19.416257667653174
85-89	19.554763065732484	30.608552569622116	30.46848722381421	19.368197140831192
90-94	19.640636242949547	30.676371531472558	30.323003870403465	19.359988355174426
95-99	19.917366833729837	30.800508870131114	30.039532874910062	19.24259142122898
100	20.010142069488275	30.93382953846826	29.810941127687705	19.24508726435576
>>END_MODULE
>>Per base GC content	pass
#Base	%GC
1	34.34533006945459
2	35.55347781147123
3	37.086973662530376
4	38.655879139514894
5	38.402744539224145
6	39.361078837064625
7	39.140034352155894
8	38.02499066868572
9	38.59020386215186
10-14	38.53099638145937
15-19	38.70514063708719
20-24	38.7574689935745
25-29	38.906578065630434
30-34	38.93955415980201
35-39	38.9840844369477
40-44	38.91368874529801
45-49	38.953695244782956
50-54	39.02195274447479
55-59	38.924936138359016
60-64	38.95099388327542
65-69	38.89566466383999
70-74	38.91808995190094
75-79	38.92416037697762
80-84	38.955902295723824
85-89	38.92296020656368
90-94	39.00062459812397
95-99	39.15995825495882
100	39.255229333844035
>>END_MODULE
>>Per sequence GC content	pass
#GC Content	Count
0	56.0
1	112.0
2	222.0
3	349.0
4	475.0
5	524.5
6	546.0
7	631.0
8	772.0
9	935.5
10	1401.5
11	2163.0
12	2941.0
13	3840.0
14	4831.5
15	5940.5
16	7190.5
17	8877.5
18	10543.0
19	11088.5
20	12171.5
21	15330.5
22	18957.0
23	23990.5
24	31649.0
25	39988.0
26	50360.0
27	64277.5
28	80746.5
29	102209.5
30	131013.0
31	166190.0
32	205974.5
33	250335.5
34	294390.0
35	335558.5
36	375360.0
37	405040.0
38	425420.5
39	437198.0
40	435687.5
41	422197.0
42	396197.0
43	360671.5
44	321333.0
45	280345.0
46	239112.5
47	202600.5
48	168047.0
49	136078.5
50	111653.5
51	89229.0
52	69382.0
53	52779.5
54	37484.0
55	27254.5
56	20286.0
57	14774.0
58	10848.5
59	7840.0
60	5700.0
61	3952.5
62	3275.5
63	2639.0
64	1531.0
65	1038.0
66	762.0
67	551.0
68	420.0
69	330.5
70	264.5
71	222.0
72	189.0
73	172.0
74	143.5
75	111.0
76	107.0
77	95.5
78	76.5
79	59.0
80	45.5
81	35.5
82	30.5
83	22.5
84	17.0
85	12.5
86	6.0
87	3.5
88	3.0
89	2.5
90	2.0
91	0.5
92	0.0
93	0.0
94	0.0
95	0.0
96	0.0
97	0.0
98	0.0
99	0.0
100	0.0
>>END_MODULE
>>Per base N content	pass
#Base	N-Count
1	0.36227607199397627
2	0.0
3	1.0064422367574848E-4
4	0.0
5	0.0
6	0.0
7	0.0024585946069361412
8	0.0016821963100089386
9	4.313323871817792E-5
10-14	1.9266179960786135E-4
15-19	8.626647743635583E-6
20-24	8.051537894059877E-5
25-29	4.2845683793390067E-4
30-34	2.0128844735149693E-5
35-39	1.150219699151411E-5
40-44	5.751098495757055E-6
45-49	1.5815520863331903E-4
50-54	6.383719330290331E-4
55-59	8.626647743635583E-6
60-64	0.0
65-69	3.3068816350603064E-4
70-74	6.901318194908466E-5
75-79	2.8755492478785276E-6
80-84	1.4377746239392636E-5
85-89	1.5527965938544048E-4
90-94	1.150219699151411E-5
95-99	2.818038262920957E-4
100	7.18887311969632E-5
>>END_MODULE
>>Sequence Length Distribution	pass
#Length	Count
100	6955193.0
>>END_MODULE
>>Sequence Duplication Levels	warn
#Total Duplicate Percentage	35.47406777952211
#Duplication Level	Relative count
1	100.0
2	27.20772601802043
3	5.6702603364508235
4	1.556512875456649
5	0.8586117869392796
6	0.7499832593022477
7	0.6458189177324911
8	0.5245418629048458
9	0.4575790718957166
10++	11.135168113806984
>>END_MODULE
>>Overrepresented sequences	pass
>>END_MODULE
>>Kmer Content	pass
>>END_MODULE
