##FastQC	0.10.0
>>Basic Statistics	pass
#Measure	Value	
Filename	3-006_M32_lib1_read-1.fastq.gz	
File type	Conventional base calls	
Encoding	Sanger / Illumina 1.9	
Total Sequences	9228339	
Filtered Sequences	0	
Sequence length	100	
%GC	38	
>>END_MODULE
>>Per base sequence quality	pass
#Base	Mean	Median	Lower Quartile	Upper Quartile	10th Percentile	90th Percentile
1	31.63514268385676	31.0	31.0	34.0	30.0	34.0
2	31.91736400234105	31.0	31.0	34.0	30.0	34.0
3	32.02986247037522	33.0	31.0	34.0	30.0	34.0
4	35.697005495788574	37.0	35.0	37.0	33.0	37.0
5	35.54003813687382	37.0	35.0	37.0	33.0	37.0
6	35.50287489438782	37.0	35.0	37.0	33.0	37.0
7	35.4737184015455	37.0	35.0	37.0	33.0	37.0
8	35.44569082258465	37.0	35.0	37.0	33.0	37.0
9	37.05094665464717	39.0	37.0	39.0	33.0	39.0
10-14	37.23140289926497	39.2	37.0	39.4	33.0	39.4
15-19	38.0882858334528	40.0	37.0	41.0	33.0	41.0
20-24	37.94180359000683	40.0	37.0	41.0	32.4	41.0
25-29	37.57789964152813	39.4	36.8	41.0	32.0	41.0
30-34	37.19599089283564	39.0	36.0	40.8	30.8	41.0
35-39	37.14277232338344	39.0	36.0	41.0	31.0	41.0
40-44	36.87817818569517	39.0	36.0	40.4	30.0	41.0
45-49	36.59805995423445	39.0	35.0	40.0	30.0	41.0
50-54	36.38031032453402	39.0	35.0	40.0	29.6	41.0
55-59	35.836842751442056	38.2	34.4	40.0	28.2	41.0
60-64	35.12148734458064	37.6	34.0	40.0	27.2	41.0
65-69	34.228264934784036	36.4	32.8	39.2	26.0	40.8
70-74	33.1732133377415	35.4	31.8	38.2	25.4	40.0
75-79	31.839668828810904	34.4	30.8	36.2	23.4	39.0
80-84	31.5496469733069	34.4	31.0	35.8	23.2	37.6
85-89	30.71835791901446	34.0	30.6	35.0	20.0	36.4
90-94	29.887944992051114	34.0	30.0	35.0	14.6	35.8
95-99	28.9669017793993	34.0	29.2	35.0	3.0	35.0
100	28.326230321621257	34.0	29.0	35.0	2.0	35.0
>>END_MODULE
>>Per sequence quality scores	pass
#Quality	Count
2	35.0
3	23.0
4	51.0
5	142.0
6	402.0
7	1282.0
8	3390.0
9	6313.0
10	8925.0
11	11839.0
12	14802.0
13	18267.0
14	21601.0
15	24407.0
16	27619.0
17	30495.0
18	34755.0
19	38257.0
20	41450.0
21	45298.0
22	50220.0
23	57870.0
24	68547.0
25	84362.0
26	105818.0
27	133980.0
28	168646.0
29	209746.0
30	258313.0
31	316888.0
32	391275.0
33	488095.0
34	626256.0
35	836944.0
36	1203716.0
37	1803858.0
38	1716308.0
39	375373.0
40	2771.0
>>END_MODULE
>>Per base sequence content	fail
#Base	G	A	T	C
1	14.459750444720251	33.520382835235445	32.10045596230998	19.919410757734326
2	21.967917041508937	35.00372656969422	29.607601638693737	13.420754750103105
3	18.369860491687614	31.31553793158227	32.27913495592219	18.035466620807927
4	18.528274698187833	31.21408955609455	30.963253517236417	19.2943822284812
5	19.01903473637022	31.13974248236871	31.26112944052012	18.580093340740948
6	18.981574040572198	30.571601238316013	30.896058326422555	19.55076639468923
7	19.563412224019945	30.687602611910986	30.77680609695851	18.97217906711056
8	18.492179361854827	30.786786224476582	31.710982875683264	19.01005153798533
9	18.654915228376833	29.994786602337392	32.087926210971716	19.26237195831406
10-14	18.88478450343717	30.963915467556358	31.13367612864724	19.017623900359226
15-19	18.981790774431907	30.817998706247003	31.002503826220195	19.19770669310089
20-24	19.092265394289647	30.797066239343096	30.919860359858575	19.190808006508682
25-29	19.274553058135982	30.743695968954633	30.76684319096506	19.214907781944326
30-34	19.253546612706185	30.750158301366575	30.711479388551993	19.284815697375247
35-39	19.359908646615605	30.721760438146017	30.668715139311637	19.24961577592674
40-44	19.317828161715994	30.74769659898881	30.713911274697374	19.22056396459782
45-49	19.319282346141264	30.73147079959146	30.699766609653455	19.24948024461382
50-54	19.347181414136074	30.714342770726738	30.657794495891327	19.28068131924587
55-59	19.348817624369424	30.760035131284898	30.68039306413956	19.21075418020612
60-64	19.327018633957678	30.709296623569642	30.69681298288228	19.266871759590394
65-69	19.36437790646375	30.8034185981646	30.61815396990879	19.214049525462855
70-74	19.45458512426585	30.811386519599697	30.555836403278896	19.178191952855553
75-79	19.42937476980816	30.820815614584745	30.494677364285046	19.25513225132205
80-84	19.54830379045634	30.872088650953668	30.360112532321835	19.21949502626816
85-89	19.586908991163455	30.851862361920222	30.320708567441134	19.24052007947519
90-94	19.6986748004988	30.929324073114245	30.092838931844813	19.279162194542145
95-99	19.84722206208127	31.016028467156893	29.802443472579093	19.334305998182742
100	19.989631937014884	30.92162088973975	29.734386653979662	19.354360519265708
>>END_MODULE
>>Per base GC content	pass
#Base	%GC
1	34.379161202454576
2	35.38867179161204
3	36.40532711249554
4	37.82265692666903
5	37.59912807711117
6	38.532340435261425
7	38.53559129113051
8	37.50223089984016
9	37.91728718669089
10-14	37.90240840379639
15-19	38.179497467532805
20-24	38.28307340079833
25-29	38.489460840080305
30-34	38.53836231008144
35-39	38.60952442254234
40-44	38.53839212631381
45-49	38.568762590755085
50-54	38.62786273338194
55-59	38.55957180457554
60-64	38.59389039354807
65-69	38.578427431926606
70-74	38.6327770771214
75-79	38.68450702113021
80-84	38.7677988167245
85-89	38.827429070638644
90-94	38.977836995040946
95-99	39.181528060264014
100	39.343992456280596
>>END_MODULE
>>Per sequence GC content	pass
#GC Content	Count
0	101.0
1	180.0
2	355.0
3	592.0
4	823.5
5	947.5
6	984.5
7	987.0
8	1130.5
9	1429.5
10	2051.5
11	2973.5
12	4193.5
13	5691.0
14	7524.0
15	10112.5
16	13643.5
17	18691.5
18	23122.0
19	24881.5
20	27809.0
21	34854.0
22	41502.5
23	48489.5
24	59864.0
25	71162.0
26	85338.0
27	103836.5
28	122974.5
29	150024.0
30	185913.0
31	229344.0
32	279718.0
33	333690.0
34	387024.0
35	437600.0
36	484319.0
37	517645.5
38	538835.0
39	550558.5
40	547183.0
41	529434.0
42	496341.5
43	452763.0
44	407275.5
45	357379.5
46	305860.5
47	260900.5
48	220244.0
49	183390.0
50	152384.5
51	122997.0
52	97254.5
53	74892.5
54	54208.0
55	39760.5
56	30008.5
57	22234.0
58	16345.0
59	12067.0
60	9048.5
61	6418.5
62	5078.5
63	4041.5
64	2572.5
65	1800.0
66	1305.0
67	899.0
68	660.5
69	492.5
70	380.0
71	311.5
72	256.5
73	211.0
74	204.5
75	180.5
76	138.5
77	112.0
78	90.5
79	73.0
80	62.5
81	53.0
82	42.0
83	32.5
84	24.5
85	16.0
86	8.0
87	9.0
88	10.5
89	7.0
90	3.5
91	2.0
92	0.5
93	1.0
94	1.5
95	0.5
96	0.5
97	0.5
98	0.5
99	0.5
100	0.0
>>END_MODULE
>>Per base N content	pass
#Base	N-Count
1	0.09208591058477587
2	1.4087042099342038E-4
3	0.0
4	0.0
5	0.0
6	0.0
7	0.0
8	0.0
9	0.0020805477562105164
10-14	5.699833957118393E-4
15-19	0.003276862716031563
20-24	5.093007528223659E-4
25-29	0.004874116566372344
30-34	5.938230054184183E-4
35-39	0.0
40-44	7.78038171332891E-4
45-49	0.005814697531159182
50-54	0.020437047230276215
55-59	0.005985909273597339
60-64	0.002836913555082881
65-69	0.007299255044705228
70-74	0.003523927762081562
75-79	0.0018053086259618336
80-84	6.17662615124997E-4
85-89	0.0054527689110683945
90-94	0.002700377608581566
95-99	0.0038728529586960336
100	0.0
>>END_MODULE
>>Sequence Length Distribution	pass
#Length	Count
100	9228339.0
>>END_MODULE
>>Sequence Duplication Levels	warn
#Total Duplicate Percentage	43.3728686858106
#Duplication Level	Relative count
1	100.0
2	36.4474901202388
3	9.08433532329942
4	2.4089800723114436
5	1.0577650718910283
6	0.7264777600269066
7	0.6491213318758934
8	0.6423946859497183
9	0.6020348103926679
10++	16.54754897839065
>>END_MODULE
>>Overrepresented sequences	pass
>>END_MODULE
>>Kmer Content	pass
>>END_MODULE
