##FastQC	0.10.0
>>Basic Statistics	pass
#Measure	Value	
Filename	3-009_101S_lib1_read-1.fastq.gz	
File type	Conventional base calls	
Encoding	Sanger / Illumina 1.9	
Total Sequences	11469119	
Filtered Sequences	0	
Sequence length	100	
%GC	37	
>>END_MODULE
>>Per base sequence quality	pass
#Base	Mean	Median	Lower Quartile	Upper Quartile	10th Percentile	90th Percentile
1	31.64024874098874	31.0	31.0	34.0	30.0	34.0
2	31.91851693229445	31.0	31.0	34.0	30.0	34.0
3	32.03640401673398	33.0	31.0	34.0	30.0	34.0
4	35.70165703224458	37.0	35.0	37.0	33.0	37.0
5	35.54362292343466	37.0	35.0	37.0	33.0	37.0
6	35.50796490994644	37.0	35.0	37.0	33.0	37.0
7	35.47601171458767	37.0	35.0	37.0	33.0	37.0
8	35.450097431197634	37.0	35.0	37.0	33.0	37.0
9	37.051795259949785	39.0	37.0	39.0	33.0	39.0
10-14	37.23617308356466	39.2	37.0	39.4	33.0	39.4
15-19	38.10142513997805	40.0	37.0	41.0	33.0	41.0
20-24	37.95692997866706	40.0	37.0	41.0	32.6	41.0
25-29	37.59930911868645	39.4	37.0	41.0	32.0	41.0
30-34	37.22496261482682	39.0	36.0	40.8	31.0	41.0
35-39	37.17328562028173	39.0	36.0	41.0	31.0	41.0
40-44	36.91174860074257	39.0	36.0	40.4	30.0	41.0
45-49	36.63839654990065	39.0	35.2	40.0	30.0	41.0
50-54	36.4249466414988	39.0	35.0	40.0	29.6	41.0
55-59	35.89633412993622	38.2	34.4	40.0	28.2	41.0
60-64	35.194335798590984	37.8	34.0	40.0	27.6	41.0
65-69	34.316148433022626	36.6	32.8	39.4	26.0	40.8
70-74	33.27370930583247	35.4	32.0	38.4	25.6	40.0
75-79	31.94807078032759	34.4	30.8	36.2	23.8	39.0
80-84	31.66090983971829	34.6	31.0	35.8	23.6	37.6
85-89	30.826996389173395	34.0	31.0	35.0	20.6	36.4
90-94	29.989591685289867	34.0	30.0	35.0	16.2	35.8
95-99	29.057157886320653	34.0	29.2	35.0	3.0	35.0
100	28.42476479666834	34.0	29.0	35.0	2.0	35.0
>>END_MODULE
>>Per sequence quality scores	pass
#Quality	Count
2	52.0
3	20.0
4	47.0
5	147.0
6	447.0
7	1486.0
8	4017.0
9	7342.0
10	10778.0
11	14256.0
12	17775.0
13	22036.0
14	25913.0
15	29350.0
16	32976.0
17	37364.0
18	41845.0
19	45858.0
20	50168.0
21	54848.0
22	61085.0
23	70059.0
24	83314.0
25	103512.0
26	129666.0
27	163778.0
28	205901.0
29	257743.0
30	318891.0
31	391576.0
32	484314.0
33	605502.0
34	778195.0
35	1035460.0
36	1483005.0
37	2223340.0
38	2169046.0
39	503681.0
40	4326.0
>>END_MODULE
>>Per base sequence content	fail
#Base	G	A	T	C
1	14.15304390657098	32.93129402323028	33.318968552912445	19.596693517286305
2	20.87151631765104	34.66688882855293	30.66022362320228	13.801371230593752
3	18.075215716220224	31.374537137508117	32.702747264197015	17.84749988207464
4	18.354966933379973	31.08749678157494	31.512847673827434	19.04468861121765
5	18.85852784333304	31.165837585258295	31.598808940773914	18.376825630634748
6	18.834532975026242	30.801485275372936	31.106016076736147	19.25796567286467
7	19.312651651796443	30.919149064544538	31.089362661595892	18.678836622063123
8	18.299452643223947	31.15285489670131	31.82145027878776	18.726242181286985
9	18.5374159446728	30.365149891001202	32.159832814453374	18.937601349872622
10-14	18.604453340266776	31.271532944216673	31.393127977250785	18.73088573826577
15-19	18.68400941669383	31.103675167903816	31.3155136346032	18.896801780799155
20-24	18.818316550694597	31.062814889729445	31.198009991163527	18.92085856841243
25-29	18.971065046445805	31.005889406065577	31.06433598374859	18.958709563740026
30-34	18.95073108356384	31.012175155374322	31.015976692600884	19.02111706846096
35-39	19.042812268318084	30.98982057819785	30.962962368774793	19.00440478470927
40-44	18.99723177627317	30.980199590283913	31.035918410850133	18.986650222592782
45-49	19.027802214361706	30.986530136398606	31.012939958131785	18.972727691107906
50-54	19.05531943304878	30.950675246494352	30.956502486632143	19.037502833824725
55-59	19.046499704816622	30.97804673794073	31.017862008062075	18.957591549180577
60-64	19.013606307584244	30.967550369203057	31.001189507121058	19.01765381609164
65-69	19.062316013873428	31.07686295108864	30.915419048894616	18.945401986143313
70-74	19.108914047327755	31.06816585856724	30.886993081216175	18.935927012888833
75-79	19.111888696381737	31.035320767322695	30.875587866096055	18.977202670199514
80-84	19.1849456419716	31.102540218889953	30.774289869318743	18.93822426981971
85-89	19.32382848327835	31.22921628602262	30.570844520668082	18.876110710030943
90-94	19.598645563096444	31.288558320805716	30.195995471398934	18.91680064469891
95-99	20.001611347232775	31.494737312035646	29.6218670282781	18.88178431245348
100	20.04917727333721	31.60201755688471	29.19283512534834	19.155970044429743
>>END_MODULE
>>Per base GC content	pass
#Base	%GC
1	33.74973742385728
2	34.67288754824479
3	35.922715598294864
4	37.39965554459763
5	37.23535347396779
6	38.09249864789091
7	37.99148827385957
8	37.02569482451093
9	37.475017294545424
10-14	37.33533907853254
15-19	37.580811197492984
20-24	37.739175119107024
25-29	37.92977461018583
30-34	37.9718481520248
35-39	38.047217053027346
40-44	37.983881998865954
45-49	38.00052990546961
50-54	38.092822266873505
55-59	38.0040912539972
60-64	38.031260123675885
65-69	38.007718000016744
70-74	38.044841060216584
75-79	38.08909136658125
80-84	38.12316991179131
85-89	38.1999391933093
90-94	38.51544620779535
95-99	38.88339565968625
100	39.20514731776695
>>END_MODULE
>>Per sequence GC content	pass
#GC Content	Count
0	52.0
1	100.5
2	212.0
3	341.5
4	506.0
5	680.5
6	861.5
7	1110.0
8	1636.5
9	2557.0
10	4144.0
11	6611.0
12	9434.5
13	13552.5
14	18868.0
15	23812.0
16	27100.5
17	31484.0
18	36256.0
19	38931.0
20	41798.5
21	48559.0
22	57465.5
23	68512.5
24	84239.0
25	99796.5
26	117671.5
27	139762.0
28	166077.0
29	201107.5
30	246824.5
31	302305.5
32	364388.5
33	431407.0
34	497309.0
35	556287.5
36	611592.5
37	653857.5
38	678851.0
39	688009.0
40	675649.5
41	645989.5
42	600274.5
43	543498.5
44	482589.5
45	419087.5
46	355650.5
47	300008.5
48	249592.5
49	204323.0
50	168559.5
51	135037.5
52	106561.0
53	81689.0
54	59065.5
55	43581.5
56	32279.5
57	23375.0
58	17244.5
59	12905.5
60	9613.5
61	6827.0
62	5424.0
63	4383.0
64	2884.0
65	1984.0
66	1421.0
67	1041.5
68	787.0
69	596.5
70	448.0
71	361.0
72	308.0
73	290.0
74	264.0
75	226.0
76	227.0
77	213.0
78	173.5
79	138.0
80	108.0
81	89.5
82	69.5
83	54.5
84	44.0
85	32.5
86	27.5
87	20.5
88	18.5
89	14.0
90	8.5
91	7.0
92	4.5
93	1.5
94	0.0
95	0.0
96	0.0
97	0.5
98	0.5
99	0.0
100	0.0
>>END_MODULE
>>Per base N content	pass
#Base	N-Count
1	0.09188151243351822
2	4.3595327592293704E-5
3	0.0
4	0.0
5	0.0
6	0.0
7	0.0
8	0.0
9	0.0016130271209148673
10-14	5.667392586998182E-4
15-19	0.003316732523221705
20-24	5.61507819388743E-4
25-29	0.00458797227581299
30-34	6.486984745733304E-4
35-39	0.0
40-44	9.050390008160173E-4
45-49	0.005740632737353236
50-54	0.019916089457263458
55-59	0.005709244101486784
60-64	0.00292263076178737
65-69	0.007524553542429893
70-74	0.0034719318894502705
75-79	0.001946095423719991
80-84	5.928964552551944E-4
85-89	0.005616822006991121
90-94	0.002819745788669557
95-99	0.003967174810898728
100	0.0
>>END_MODULE
>>Sequence Length Distribution	pass
#Length	Count
100	1.1469119E7
>>END_MODULE
>>Sequence Duplication Levels	warn
#Total Duplicate Percentage	47.44624492865388
#Duplication Level	Relative count
1	100.0
2	43.05075785885506
3	12.635234284568481
4	3.380515325792721
5	1.2204125158361967
6	0.6735510449611273
7	0.6051933611017436
8	0.5632673150013215
9	0.5186069615465242
10++	19.639618290693328
>>END_MODULE
>>Overrepresented sequences	pass
>>END_MODULE
>>Kmer Content	warn
#Sequence	Count	Obs/Exp Overall	Obs/Exp Max	Max Obs/Exp Position
GAAGA	2806380	2.3304145	5.4340644	95-96
GGAAG	1638910	2.225562	7.478993	95-96
CGGAA	1219225	1.668803	7.1839437	95-96
AGAGC	1110930	1.5205752	5.575539	95-96
ATCGG	1102065	1.5179559	7.6203394	95-96
GATCG	1099870	1.5149325	7.793897	95-96
TCGGA	1035050	1.4256511	7.232231	95-96
AGATC	1611205	1.357078	5.321554	95-96
>>END_MODULE
