##FastQC	0.10.0
>>Basic Statistics	pass
#Measure	Value	
Filename	3-001_M1-2_lib1_read-1.fastq.gz	
File type	Conventional base calls	
Encoding	Sanger / Illumina 1.9	
Total Sequences	7634285	
Filtered Sequences	0	
Sequence length	100	
%GC	38	
>>END_MODULE
>>Per base sequence quality	pass
#Base	Mean	Median	Lower Quartile	Upper Quartile	10th Percentile	90th Percentile
1	32.19428328913579	33.0	31.0	34.0	30.0	34.0
2	32.49879707136949	34.0	31.0	34.0	31.0	34.0
3	32.599234767892476	34.0	31.0	34.0	31.0	34.0
4	36.120960116107796	37.0	35.0	37.0	35.0	37.0
5	36.00135441629439	37.0	35.0	37.0	35.0	37.0
6	35.98409648054795	37.0	35.0	37.0	35.0	37.0
7	35.94895186648127	37.0	35.0	37.0	35.0	37.0
8	35.89677330621008	37.0	35.0	37.0	35.0	37.0
9	37.64978973145488	39.0	37.0	39.0	35.0	39.0
10-14	37.77168698836892	39.2	37.2	39.4	34.4	39.4
15-19	38.88118410564971	40.0	38.0	41.0	35.0	41.0
20-24	38.79778881715838	40.0	38.0	41.0	34.2	41.0
25-29	38.489971490453925	40.0	38.0	41.0	34.0	41.0
30-34	38.31142044081404	40.0	38.0	41.0	33.8	41.0
35-39	37.93402507242001	40.0	37.8	41.0	32.8	41.0
40-44	38.00112864531518	40.0	37.8	41.0	33.0	41.0
45-49	37.69458858295177	40.0	37.0	41.0	32.4	41.0
50-54	37.741009197324956	40.0	37.0	41.0	32.4	41.0
55-59	37.431293565802164	39.6	36.4	41.0	32.0	41.0
60-64	36.82277153656171	38.8	35.6	40.8	30.8	41.0
65-69	35.84363879525064	37.4	34.8	40.0	29.6	41.0
70-74	35.053438953353194	36.2	34.0	39.0	29.0	40.6
75-79	33.560374520993115	35.0	32.8	37.0	28.2	39.2
80-84	33.33575526719267	35.0	33.6	36.2	28.8	37.8
85-89	32.51483571807969	35.0	33.0	35.2	26.6	36.6
90-94	31.964531164346102	35.0	32.8	35.0	25.8	36.0
95-99	31.70101967636786	35.0	33.0	35.0	25.6	35.6
100	31.36084950981002	35.0	32.0	35.0	25.0	35.0
>>END_MODULE
>>Per sequence quality scores	pass
#Quality	Count
2	75.0
3	29.0
4	26.0
5	75.0
6	191.0
7	480.0
8	1310.0
9	2537.0
10	3680.0
11	4910.0
12	5860.0
13	6975.0
14	7851.0
15	9095.0
16	10132.0
17	11701.0
18	13473.0
19	15142.0
20	16910.0
21	18776.0
22	21570.0
23	25479.0
24	31652.0
25	40357.0
26	52558.0
27	68390.0
28	88764.0
29	113394.0
30	143330.0
31	179161.0
32	224291.0
33	283956.0
34	374482.0
35	524998.0
36	845440.0
37	1619645.0
38	2217748.0
39	639698.0
40	10144.0
>>END_MODULE
>>Per base sequence content	fail
#Base	G	A	T	C
1	13.541926181775107	32.82166321143184	33.5744043811913	20.062006225601746
2	20.904393797192533	33.91265848733706	30.777538433527173	14.405409281943236
3	18.42281476560212	31.03454102572029	31.94831368599858	18.59433052267901
4	18.73341118388952	30.087388668355974	31.355706526544395	19.823493621210105
5	19.424346877277966	30.390704564998554	31.49295579088284	18.69199276684064
6	19.374885794805934	30.26766750258865	30.542545896570537	19.81490080603488
7	19.909367003380236	30.3004747785753	30.802001811612	18.988156406432466
8	18.871610290102225	30.584879484622498	31.5089745828329	19.034535642442382
9	19.030027971196244	29.821324389117404	31.80652745078057	19.34212018890578
10-14	19.13169242939451	30.761909734468716	30.97630608331236	19.130091752824416
15-19	19.125573030147343	30.594281517578292	30.99217867734083	19.28796677493353
20-24	19.21233042959639	30.615096590543068	30.88912121532288	19.283451764537663
25-29	19.323687950248466	30.60240439901355	30.75890947868273	19.31499817205525
30-34	19.299228943881587	30.593747241882152	30.706431051238848	19.40059276299742
35-39	19.424097924572887	30.61396720373515	30.633649468633863	19.3282854030581
40-44	19.348994699569115	30.61092427123169	30.718164176474943	19.321916852724254
45-49	19.405577468723546	30.600961464150906	30.678949241690752	19.314511825434806
50-54	19.394638065378594	30.577277895859982	30.650207324128687	19.377876714632738
55-59	19.37552856957004	30.610492384642352	30.704562769976217	19.309416275811394
60-64	19.356569357732532	30.602829583118975	30.685951986378917	19.35464907276958
65-69	19.392718898512324	30.73837833858619	30.582454847930844	19.28644791497064
70-74	19.418169252851808	30.73758868221006	30.587560166103373	19.256681898834756
75-79	19.37313317488147	30.663529066572703	30.629880859831665	19.333456898714154
80-84	19.442850683648935	30.69202378879339	30.574671588708817	19.290453938848852
85-89	19.465302286043656	30.77307799496387	30.522321943869855	19.239297775122616
90-94	19.607020686469543	30.812224872721544	30.361133501333352	19.21962093947556
95-99	19.875408035383213	30.963132479404305	30.02327506498203	19.138184420230456
100	19.951741362415138	31.050677856893138	29.683790785275	19.313789995416727
>>END_MODULE
>>Per base GC content	pass
#Base	%GC
1	33.60393240737685
2	35.30980307913577
3	37.01714528828113
4	38.55690480509963
5	38.116339644118604
6	39.18978660084081
7	38.8975234098127
8	37.90614593254461
9	38.37214816010203
10-14	38.261784182218925
15-19	38.41353980508087
20-24	38.49578219413405
25-29	38.63868612230372
30-34	38.69982170687901
35-39	38.75238332763099
40-44	38.67091155229337
45-49	38.72008929415835
50-54	38.77251478001133
55-59	38.68494484538143
60-64	38.71121843050211
65-69	38.679166813482965
70-74	38.67485115168656
75-79	38.70659007359563
80-84	38.73330462249779
85-89	38.704600061166275
90-94	38.82664162594511
95-99	39.01359245561367
100	39.26553135783186
>>END_MODULE
>>Per sequence GC content	pass
#GC Content	Count
0	110.0
1	172.0
2	300.5
3	410.0
4	567.0
5	691.5
6	702.5
7	769.5
8	910.0
9	1162.5
10	1707.0
11	2587.0
12	3737.0
13	5118.0
14	6880.5
15	8570.0
16	10514.0
17	12721.0
18	13875.5
19	14242.0
20	15868.5
21	19561.5
22	23879.5
23	29603.0
24	37868.0
25	47468.5
26	60356.0
27	77110.0
28	96729.0
29	120972.0
30	152739.5
31	191821.0
32	235950.5
33	284247.0
34	330033.5
35	372357.0
36	413310.0
37	444542.0
38	463073.0
39	471530.0
40	466778.0
41	449120.5
42	420443.5
43	383360.0
44	342319.0
45	297721.0
46	253020.0
47	213878.5
48	178605.0
49	147001.0
50	121210.0
51	96515.5
52	75442.5
53	57795.5
54	41410.5
55	30390.5
56	22582.0
57	16285.0
58	11826.5
59	8691.0
60	6378.5
61	4473.0
62	3640.0
63	2880.0
64	1719.5
65	1176.5
66	902.5
67	697.0
68	558.0
69	488.5
70	388.0
71	285.5
72	237.0
73	213.5
74	190.0
75	162.5
76	176.0
77	163.5
78	123.5
79	90.5
80	67.0
81	50.0
82	36.5
83	27.5
84	17.5
85	12.0
86	7.0
87	2.5
88	4.0
89	4.0
90	3.0
91	1.0
92	0.0
93	0.0
94	0.5
95	0.5
96	0.0
97	0.0
98	0.0
99	0.5
100	0.5
>>END_MODULE
>>Per base N content	pass
#Base	N-Count
1	0.3661377588077993
2	0.0
3	1.3098803620771298E-5
4	0.0
5	0.0
6	0.0
7	0.002619760724154259
8	0.0014932636127679279
9	3.929641086231389E-5
10-14	1.7290420779418112E-4
15-19	1.0479042896617037E-5
20-24	9.955090751786185E-5
25-29	3.667665013815963E-4
30-34	3.667665013815963E-5
35-39	1.3098803620771298E-5
40-44	0.0
45-49	1.545658827251013E-4
50-54	7.256737205907298E-4
55-59	1.8338325069079815E-5
60-64	1.8338325069079815E-5
65-69	3.667665013815963E-4
70-74	3.929641086231389E-5
75-79	0.0
80-84	1.571856434492556E-5
85-89	1.6504492562171834E-4
90-94	2.6197607241542592E-6
95-99	2.6983535458788874E-4
100	5.239521448308519E-5
>>END_MODULE
>>Sequence Length Distribution	pass
#Length	Count
100	7634285.0
>>END_MODULE
>>Sequence Duplication Levels	warn
#Total Duplicate Percentage	37.03317196664444
#Duplication Level	Relative count
1	100.0
2	31.0135809099977
3	6.882528964935164
4	1.9995396301695696
5	1.0849382337144173
6	0.8785390930714341
7	0.7573083710580834
8	0.6951584439499732
9	0.6575615744648201
10++	9.48745492212077
>>END_MODULE
>>Overrepresented sequences	pass
>>END_MODULE
>>Kmer Content	warn
#Sequence	Count	Obs/Exp Overall	Obs/Exp Max	Max Obs/Exp Position
GGAAG	971145	1.9463925	5.060092	95-96
>>END_MODULE
