##FastQC	0.10.0
>>Basic Statistics	pass
#Measure	Value	
Filename	3-012_M52cW_lib1_read-2.fastq.gz	
File type	Conventional base calls	
Encoding	Sanger / Illumina 1.9	
Total Sequences	8800735	
Filtered Sequences	0	
Sequence length	100	
%GC	39	
>>END_MODULE
>>Per base sequence quality	pass
#Base	Mean	Median	Lower Quartile	Upper Quartile	10th Percentile	90th Percentile
1	31.056571070484456	31.0	31.0	34.0	28.0	34.0
2	31.246617583645	31.0	31.0	34.0	27.0	34.0
3	31.318668952081843	31.0	31.0	34.0	27.0	34.0
4	34.86581143506764	37.0	35.0	37.0	32.0	37.0
5	34.8370227032174	37.0	35.0	37.0	32.0	37.0
6	34.811679933551005	37.0	35.0	37.0	32.0	37.0
7	34.75144632806237	37.0	35.0	37.0	32.0	37.0
8	34.767470103349325	37.0	35.0	37.0	32.0	37.0
9	36.26793921189537	39.0	35.0	39.0	32.0	39.0
10-14	36.416144674280055	39.2	35.4	39.4	31.8	39.4
15-19	37.23544508498438	39.6	36.6	41.0	31.0	41.0
20-24	37.12039801221148	39.4	36.2	41.0	30.8	41.0
25-29	36.93493479805948	39.0	36.0	41.0	30.2	41.0
30-34	36.683922695093074	39.0	36.0	41.0	30.0	41.0
35-39	36.40450839617373	39.0	35.4	40.6	30.0	41.0
40-44	36.091730906566326	38.8	35.0	40.0	29.0	41.0
45-49	35.65977600734484	38.0	34.6	40.0	27.2	41.0
50-54	34.90705703557715	37.8	33.6	39.6	26.4	40.6
55-59	35.35641691290557	38.0	34.0	40.0	26.8	41.0
60-64	34.70900153225839	37.6	33.6	40.0	26.0	41.0
65-69	33.84200921854823	36.4	32.4	39.2	25.4	40.8
70-74	33.10772157098243	35.2	32.0	38.4	24.8	40.0
75-79	32.434591906244194	35.0	32.0	36.8	24.4	39.0
80-84	31.600354788548913	35.0	31.0	35.8	23.0	37.6
85-89	30.857222038841076	34.0	31.0	35.0	20.2	36.2
90-94	30.132600743006122	34.0	30.4	35.0	17.0	35.8
95-99	29.363315109476652	34.0	30.0	35.0	3.0	35.0
100	28.835873821902375	34.0	29.0	35.0	2.0	35.0
>>END_MODULE
>>Per sequence quality scores	pass
#Quality	Count
2	34524.0
3	7636.0
4	6580.0
5	7027.0
6	8266.0
7	9908.0
8	12125.0
9	14899.0
10	17613.0
11	19798.0
12	21872.0
13	22581.0
14	23464.0
15	23924.0
16	25258.0
17	27144.0
18	29839.0
19	33397.0
20	37369.0
21	43059.0
22	50537.0
23	60277.0
24	72197.0
25	87936.0
26	106463.0
27	130126.0
28	158196.0
29	193373.0
30	236607.0
31	292586.0
32	364675.0
33	458212.0
34	593374.0
35	800485.0
36	1164234.0
37	1718810.0
38	1548817.0
39	332373.0
40	5174.0
>>END_MODULE
>>Per base sequence content	warn
#Base	G	A	T	C
1	13.90005135213635	34.1996919782318	30.808038157186708	21.092218512445154
2	20.92946952008961	34.56087390169038	29.773748672572808	14.735907905647203
3	18.471906868308775	31.713596065216738	30.686592171468163	19.127904895006328
4	19.088929057922037	30.426353330027496	30.13523641829387	20.3494811937566
5	19.68393165458388	30.673472481404236	30.620859574446808	19.021736289565077
6	19.816356247517962	30.191080631333634	29.799942845682775	20.19262027546563
7	20.29589574052622	30.219885043692372	30.02937822806845	19.454840987712956
8	18.792850824391373	30.73085372983052	31.101504590241614	19.374790855536496
9	18.923033133028095	29.950384825812844	31.44303288304897	19.68354915811009
10-14	19.366790071656585	30.683598133987655	30.5752927509865	19.374319043369262
15-19	19.45047510175882	30.50567826713423	30.54791812022881	19.495928510878137
20-24	19.59635105810838	30.46223786482289	30.45629272712625	19.48511834994249
25-29	19.58801032104814	30.544086777347374	30.33316822474404	19.534734676860445
30-34	19.62927263691605	30.49456100971134	30.2956854140413	19.580480939331306
35-39	19.665155239874853	30.5031477484551	30.286838542462647	19.5448584692074
40-44	19.70186833527965	30.497772146402895	30.270593714302024	19.52976580401543
45-49	19.666976272719612	30.479523196830705	30.25848488262146	19.595015647828223
50-54	19.645427237634927	30.49128953275862	30.315725746522197	19.547557483084255
55-59	19.588116039077544	30.55799761984805	30.334238247406038	19.51964809366837
60-64	19.575858623905233	30.588309283072483	30.281636295978902	19.554195797043384
65-69	19.669867256199705	30.577475475676362	30.244097178857587	19.508560089266343
70-74	19.691632522821234	30.596503399340296	30.243338615181354	19.468525462657116
75-79	19.69453882976086	30.65628410762776	30.186255913162995	19.46292114944839
80-84	20.027806316432102	30.45078670822714	30.042893466774622	19.478513508566138
85-89	20.12233386669692	30.892385300182294	29.78962557485329	19.195655258267493
90-94	20.280996074109005	30.287147962343262	29.883598184204395	19.548257779343338
95-99	20.56835025710921	30.629875800146237	29.789932318152974	19.011841624591582
100	21.13145095267611	30.483158508919995	29.337663274715126	19.04772726368877
>>END_MODULE
>>Per base GC content	pass
#Base	%GC
1	34.9922698645815
2	35.66537742573681
3	37.5998117633151
4	39.43841025167864
5	38.705667944148956
6	40.008976522983595
7	39.750736728239175
8	38.16764167992787
9	38.60658229113818
10-14	38.74110911502584
15-19	38.946403612636956
20-24	39.081469408050864
25-29	39.12274499790859
30-34	39.20975357624736
35-39	39.210013709082254
40-44	39.231634139295075
45-49	39.261991920547835
50-54	39.19298472071918
55-59	39.107764132745906
60-64	39.13005442094861
65-69	39.17842734546605
70-74	39.16015798547835
75-79	39.15745997920925
80-84	39.506319824998236
85-89	39.31798912496441
90-94	39.82925385345234
95-99	39.580191881700785
100	40.17917821636489
>>END_MODULE
>>Per sequence GC content	pass
#GC Content	Count
0	95.0
1	142.0
2	277.5
3	454.5
4	613.5
5	707.5
6	752.0
7	818.5
8	953.0
9	1149.0
10	1497.0
11	2180.5
12	3058.5
13	4229.0
14	5954.5
15	7357.0
16	8987.0
17	11216.0
18	13717.0
19	16032.0
20	19494.5
21	25350.5
22	30353.5
23	35620.0
24	43753.5
25	53399.5
26	66476.5
27	84013.0
28	103369.5
29	128559.0
30	162376.5
31	202719.0
32	248260.5
33	298917.0
34	349415.5
35	398418.5
36	446082.0
37	484036.0
38	511241.0
39	527149.5
40	528512.0
41	515552.5
42	488954.5
43	453442.5
44	412085.0
45	364031.5
46	314599.5
47	271052.5
48	230199.0
49	193506.5
50	164304.5
51	135260.0
52	108380.0
53	83762.5
54	60297.5
55	44435.0
56	33942.0
57	25184.5
58	18764.0
59	13998.5
60	10405.0
61	7424.0
62	5907.5
63	4649.0
64	2741.0
65	1774.0
66	1330.0
67	1017.5
68	795.5
69	598.5
70	503.0
71	450.0
72	395.5
73	371.5
74	322.0
75	252.5
76	226.0
77	207.0
78	199.5
79	198.0
80	195.5
81	189.0
82	160.5
83	152.5
84	147.5
85	142.5
86	125.5
87	95.5
88	80.5
89	66.5
90	54.5
91	46.0
92	28.5
93	17.5
94	16.0
95	13.5
96	10.5
97	7.0
98	4.5
99	1.0
100	0.5
>>END_MODULE
>>Per base N content	pass
#Base	N-Count
1	0.16297502424513408
2	0.01998696699764281
3	0.037496868159307147
4	0.0016703150361873182
5	0.006965327327774328
6	0.0
7	0.0
8	0.0
9	0.0
10-14	7.317570634725395E-4
15-19	0.005851783970316116
20-24	0.003022474827386576
25-29	0.00529501229158701
30-34	6.522182522255243E-4
35-39	0.0
40-44	0.005860874120172918
45-49	0.0010090066341049925
50-54	6.703985519391278E-4
55-59	0.0013680675534486608
60-64	0.01510555652454028
65-69	0.011385412695644172
70-74	3.113376325954594E-4
75-79	0.0032292757366288154
80-84	9.090149856801733E-6
85-89	0.004081477285703978
90-94	0.002102097154385401
95-99	0.0
100	0.0
>>END_MODULE
>>Sequence Length Distribution	pass
#Length	Count
100	8800735.0
>>END_MODULE
>>Sequence Duplication Levels	warn
#Total Duplicate Percentage	40.47867499559253
#Duplication Level	Relative count
1	100.0
2	32.651019068508944
3	7.784306505067324
4	2.1542131638354762
5	0.9526249219487984
6	0.8621655806208873
7	0.7821130661714084
8	0.7556957364030804
9	0.7444883843801534
10++	13.418402472021647
>>END_MODULE
>>Overrepresented sequences	pass
>>END_MODULE
>>Kmer Content	warn
#Sequence	Count	Obs/Exp Overall	Obs/Exp Max	Max Obs/Exp Position
GCGTC	483295	1.2917287	5.6768866	90-94
CGTCG	481825	1.2877997	6.4478817	90-94
GAGCG	492660	1.2833732	6.315483	85-89
TGTAG	853595	0.9300451	5.203843	95-96
GTGTA	731540	0.7970586	5.039646	95-96
>>END_MODULE
