##FastQC	0.10.0
>>Basic Statistics	pass
#Measure	Value	
Filename	3-005_M14_lib1_read-1.fastq.gz	
File type	Conventional base calls	
Encoding	Sanger / Illumina 1.9	
Total Sequences	6795123	
Filtered Sequences	0	
Sequence length	100	
%GC	38	
>>END_MODULE
>>Per base sequence quality	pass
#Base	Mean	Median	Lower Quartile	Upper Quartile	10th Percentile	90th Percentile
1	32.18979700588201	33.0	31.0	34.0	30.0	34.0
2	32.49374470484199	34.0	31.0	34.0	31.0	34.0
3	32.58573038339409	34.0	31.0	34.0	31.0	34.0
4	36.11848615543825	37.0	35.0	37.0	35.0	37.0
5	36.00605537236044	37.0	35.0	37.0	35.0	37.0
6	35.990838282103205	37.0	35.0	37.0	35.0	37.0
7	35.955539583315854	37.0	35.0	37.0	35.0	37.0
8	35.90164077971804	37.0	35.0	37.0	35.0	37.0
9	37.65905414810004	39.0	37.0	39.0	35.0	39.0
10-14	37.76824375364508	39.2	37.2	39.4	34.4	39.4
15-19	38.88262299299071	40.0	38.0	41.0	35.0	41.0
20-24	38.79459259236367	40.0	38.0	41.0	34.2	41.0
25-29	38.48590469959116	40.0	38.0	41.0	34.0	41.0
30-34	38.31626523905454	40.0	38.0	41.0	33.8	41.0
35-39	37.92952786873762	40.0	37.8	41.0	32.8	41.0
40-44	37.992501474954906	40.0	37.8	41.0	33.0	41.0
45-49	37.67438690955263	40.0	37.0	41.0	32.0	41.0
50-54	37.71739101705738	40.0	37.0	41.0	32.4	41.0
55-59	37.40131941688178	39.6	36.2	41.0	32.0	41.0
60-64	36.775457015274036	38.8	35.4	40.8	30.8	41.0
65-69	35.77634612353596	37.4	34.6	39.8	29.4	41.0
70-74	35.00462914357842	36.2	34.0	39.0	29.0	40.6
75-79	33.525808142104275	34.8	32.8	36.8	28.2	39.2
80-84	33.30700333165419	35.0	33.2	36.0	28.8	37.8
85-89	32.48602902405152	35.0	33.0	35.2	26.6	36.6
90-94	31.940082232507052	35.0	32.6	35.0	25.8	36.0
95-99	31.696736791960937	35.0	32.8	35.0	25.6	35.4
100	31.358483429954102	35.0	32.0	35.0	25.0	35.0
>>END_MODULE
>>Per sequence quality scores	pass
#Quality	Count
2	66.0
3	26.0
4	37.0
5	73.0
6	191.0
7	499.0
8	1176.0
9	2099.0
10	3106.0
11	4412.0
12	5339.0
13	6366.0
14	6948.0
15	8097.0
16	9100.0
17	10367.0
18	11942.0
19	13398.0
20	14991.0
21	16742.0
22	19559.0
23	22522.0
24	27900.0
25	35572.0
26	46739.0
27	60653.0
28	78532.0
29	101378.0
30	127893.0
31	160664.0
32	199857.0
33	255531.0
34	337919.0
35	475228.0
36	768890.0
37	1465011.0
38	1934455.0
39	552081.0
40	9764.0
>>END_MODULE
>>Per base sequence content	fail
#Base	G	A	T	C
1	15.39832482986415	31.824229732216793	31.597426241968822	21.18001919595024
2	23.15108939161219	35.23799348444465	27.88644149634966	13.724475627593497
3	18.86665363770096	30.676694849653778	32.12189460783304	18.33475690481222
4	18.579840276621926	31.530025284310526	30.323851385765938	19.56628305330161
5	19.32915710282213	30.978570954491918	31.16171701380534	18.530554928880612
6	19.351997013151934	30.329208168858752	30.72664026832185	19.59215454966746
7	19.931201939555486	30.44208213765528	30.52540861541622	19.101307307373013
8	18.951717285020937	30.551527674985678	31.34369850532723	19.153056534666156
9	19.033202528581196	29.606106739915365	31.84091807129092	19.51977266021252
10-14	19.21437859830441	30.588198554896135	30.872323454003737	19.32509939279572
15-19	19.272519990367208	30.472873867709943	30.813159108765483	19.44144703315737
20-24	19.313670156348728	30.505414652426328	30.745216241732155	19.435698949492792
25-29	19.441541285161907	30.473089692821926	30.643262622743446	19.44210639927272
30-34	19.415179335106604	30.46322462123714	30.577789150641348	19.543806893014906
35-39	19.546210408441773	30.49235548767419	30.515377882501255	19.446056221382786
40-44	19.482617165281628	30.51258674787785	30.54991351885757	19.45488256798295
45-49	19.49974190257215	30.49696749502922	30.549608303526103	19.453682298872526
50-54	19.509209384311163	30.430882465825803	30.537312587622367	19.522595562240667
55-59	19.524870354796565	30.476193643728735	30.544816397856682	19.454119603618018
60-64	19.477318024470023	30.44312196642698	30.56752884981145	19.512031159291553
65-69	19.517299591670277	30.61415401764402	30.46871090931332	19.399835481372392
70-74	19.536371943662978	30.568825619164247	30.45817267022563	19.436629766947142
75-79	19.507011131365832	30.54091588923409	30.4966871092694	19.45538587013068
80-84	19.575497785087336	30.528656354208962	30.446735813924846	19.449110046778856
85-89	19.593790757257633	30.6887477651572	30.405452816296336	19.312008661288836
90-94	19.81736959926611	30.69100679092952	30.12694045794139	19.36468315186298
95-99	20.264858941521982	30.91796772846943	29.636792303305214	19.180381026703376
100	20.37606100023826	31.0160481321819	29.21931780169919	19.388573065880653
>>END_MODULE
>>Per base GC content	pass
#Base	%GC
1	36.57834402581439
2	36.87556501920569
3	37.20141054251318
4	38.14612332992354
5	37.859712031702735
6	38.94415156281939
7	39.03250924692849
8	38.1047738196871
9	38.55297518879372
10-14	38.53947799110013
15-19	38.713967023524575
20-24	38.749369105841524
25-29	38.88364768443463
30-34	38.95898622812151
35-39	38.992266629824556
40-44	38.93749973326458
45-49	38.953424201444676
50-54	39.03180494655183
55-59	38.97898995841459
60-64	38.989349183761576
65-69	38.91713507304267
70-74	38.97300171061012
75-79	38.96239700149651
80-84	39.02460783186619
85-89	38.90579941854647
90-94	39.182052751129085
95-99	39.44523996822535
100	39.76463406611891
>>END_MODULE
>>Per sequence GC content	pass
#GC Content	Count
0	54.0
1	102.0
2	219.5
3	323.0
4	414.0
5	529.0
6	623.5
7	698.0
8	855.5
9	1139.0
10	1639.0
11	2259.5
12	3205.5
13	4892.5
14	6582.5
15	8244.0
16	9840.0
17	11480.5
18	13268.5
19	14183.5
20	15298.0
21	18538.5
22	23246.0
23	28787.5
24	36084.0
25	43779.0
26	53613.5
27	65979.0
28	80499.5
29	100018.0
30	125439.0
31	157567.5
32	194981.0
33	237076.0
34	278169.5
35	315746.5
36	352201.5
37	380878.5
38	400817.0
39	411666.5
40	410868.0
41	400247.0
42	377634.5
43	346227.5
44	311350.5
45	274489.5
46	236910.5
47	203671.0
48	172467.5
49	142811.5
50	120219.5
51	97713.5
52	77196.0
53	59695.5
54	42568.0
55	31248.0
56	23605.5
57	17308.0
58	12801.0
59	9378.5
60	6961.0
61	4821.0
62	3860.5
63	3108.0
64	1796.5
65	1143.0
66	866.5
67	643.5
68	491.0
69	385.5
70	279.0
71	246.0
72	221.5
73	181.5
74	154.5
75	127.5
76	103.5
77	82.5
78	72.5
79	64.0
80	49.0
81	41.0
82	32.5
83	20.0
84	16.5
85	12.0
86	6.5
87	5.0
88	3.5
89	2.0
90	1.0
91	1.0
92	1.0
93	0.0
94	0.0
95	0.0
96	0.0
97	0.0
98	0.0
99	0.0
100	0.0
>>END_MODULE
>>Per base N content	pass
#Base	N-Count
1	0.36710152266559415
2	0.0
3	1.0301505947721623E-4
4	0.0
5	0.0
6	0.0
7	0.0024134956791804947
8	0.0018248381964535445
9	1.1773149654538998E-4
10-14	1.8837039447262396E-4
15-19	2.9432874136347494E-6
20-24	7.946876016813823E-5
25-29	5.180185847997159E-4
30-34	8.829862240904249E-6
35-39	2.9432874136347494E-6
40-44	0.0
45-49	2.1485998119533673E-4
50-54	7.976308890950171E-4
55-59	1.1773149654538997E-5
60-64	8.829862240904249E-6
65-69	3.855706511861522E-4
70-74	5.29791734454255E-5
75-79	0.0
80-84	2.648958672271275E-5
85-89	2.089734063680672E-4
90-94	2.9432874136347494E-6
95-99	2.8255559170893595E-4
100	2.9432874136347496E-5
>>END_MODULE
>>Sequence Length Distribution	pass
#Length	Count
100	6795123.0
>>END_MODULE
>>Sequence Duplication Levels	warn
#Total Duplicate Percentage	37.29204804003652
#Duplication Level	Relative count
1	100.0
2	27.809668927124743
3	5.666483114453605
4	1.660267483348294
5	0.9489397973885297
6	0.7875144264496224
7	0.7754452398373677
8	0.724151196735285
9	0.6404212146127677
10++	11.851941253234164
>>END_MODULE
>>Overrepresented sequences	pass
>>END_MODULE
>>Kmer Content	warn
#Sequence	Count	Obs/Exp Overall	Obs/Exp Max	Max Obs/Exp Position
GGAAG	896025	1.9763085	6.4002237	95-96
CGGAA	647360	1.4375229	6.291729	95-96
ATCGG	560805	1.2494968	6.500519	95-96
GATCG	557785	1.242768	6.7218904	95-96
TCGGA	524400	1.1683849	6.3251324	95-96
>>END_MODULE
