##FastQC	0.10.0
>>Basic Statistics	pass
#Measure	Value	
Filename	3-004_M13_lib1_read-2.fastq.gz	
File type	Conventional base calls	
Encoding	Sanger / Illumina 1.9	
Total Sequences	6955193	
Filtered Sequences	0	
Sequence length	100	
%GC	38	
>>END_MODULE
>>Per base sequence quality	pass
#Base	Mean	Median	Lower Quartile	Upper Quartile	10th Percentile	90th Percentile
1	32.05544777837222	33.0	31.0	34.0	30.0	34.0
2	32.21816231411551	34.0	31.0	34.0	30.0	34.0
3	32.27724378029481	34.0	31.0	34.0	30.0	34.0
4	35.73088165921492	37.0	35.0	37.0	35.0	37.0
5	35.744117237293054	37.0	35.0	37.0	35.0	37.0
6	35.767843106582376	37.0	35.0	37.0	35.0	37.0
7	35.708665884613126	37.0	35.0	37.0	33.0	37.0
8	35.72874656389837	37.0	35.0	37.0	35.0	37.0
9	37.404385327624986	39.0	37.0	39.0	35.0	39.0
10-14	37.430589172723174	39.2	37.2	39.4	33.6	39.4
15-19	38.427094517722225	40.0	38.0	41.0	33.8	41.0
20-24	38.40274370531486	40.0	38.0	41.0	34.0	41.0
25-29	38.14101072392959	40.0	38.0	41.0	33.4	41.0
30-34	37.816066153735775	40.0	38.0	41.0	32.8	41.0
35-39	37.57282769867062	40.0	37.8	41.0	32.0	41.0
40-44	37.43239136570329	40.0	37.2	41.0	31.2	41.0
45-49	37.07415049445788	40.0	37.0	41.0	30.8	41.0
50-54	36.541617263532444	39.2	36.2	40.2	30.4	40.6
55-59	37.05938003445771	39.8	36.6	41.0	31.0	41.0
60-64	36.48143630234273	39.0	35.4	41.0	30.6	41.0
65-69	35.579448564547384	37.6	34.8	40.0	29.2	41.0
70-74	34.40414490295237	36.2	34.0	39.0	27.6	40.8
75-79	33.366228773234624	35.2	33.4	37.2	26.0	39.2
80-84	32.44371090780659	35.0	33.0	36.0	25.8	37.8
85-89	31.666113995686384	35.0	32.0	35.2	24.4	36.4
90-94	30.93502782740896	35.0	31.4	35.0	21.2	36.0
95-99	30.185295993942947	34.0	31.0	35.0	10.4	35.2
100	29.64767246573891	34.0	31.0	35.0	2.0	35.0
>>END_MODULE
>>Per sequence quality scores	pass
#Quality	Count
2	19145.0
3	4173.0
4	3463.0
5	3741.0
6	4896.0
7	6038.0
8	7059.0
9	8130.0
10	9542.0
11	11045.0
12	11684.0
13	12535.0
14	13165.0
15	14108.0
16	14950.0
17	16231.0
18	17859.0
19	19829.0
20	21963.0
21	24623.0
22	27923.0
23	32669.0
24	37534.0
25	45068.0
26	54786.0
27	66026.0
28	81194.0
29	100066.0
30	123748.0
31	155479.0
32	198033.0
33	257914.0
34	349171.0
35	501883.0
36	807115.0
37	1462103.0
38	1862393.0
39	536863.0
40	11046.0
>>END_MODULE
>>Per base sequence content	fail
#Base	G	A	T	C
1	13.782422630275581	34.87238489568656	30.433828314960188	20.911364159077674
2	20.97928681872506	34.722946056288215	29.851505221533515	14.446261903453214
3	18.492028620017564	31.634137209761082	30.79780513152015	19.076029038701208
4	19.02337257518159	30.522058442940203	30.049531570804984	20.405037411073216
5	19.718387419165282	30.661686906288878	30.580264488424085	19.039661186121755
6	19.7901769224808	30.17691960525035	29.917803862524018	20.11509960974483
7	20.122478726966584	30.303456408739	30.202466741632517	19.3715981226619
8	18.66572022619678	30.707401947583552	31.337867026647608	19.28901079957206
9	18.98246589200262	29.879843633248104	31.558633865631506	19.57905660911777
10-14	19.346687792902753	30.677492827211793	30.653343845829404	19.322475534056046
15-19	19.435438621102065	30.524310172720565	30.608893352521854	19.431357853655513
20-24	19.54531052866563	30.519960525649097	30.516699561000543	19.418029384684726
25-29	19.525713487951325	30.610097851049645	30.42247032887655	19.44171833212248
30-34	19.582159029052008	30.544129542548276	30.396860930454444	19.47685049794527
35-39	19.550414270707854	30.549825639090887	30.40698398329632	19.492776106904934
40-44	19.664664717341193	30.511929999580733	30.398506908936522	19.42489837414155
45-49	19.56984848097908	30.503682774751173	30.37405402706714	19.55241471720261
50-54	19.5438865083222	30.524669153759515	30.464678815594425	19.46676552232386
55-59	19.4769517044511	30.632735945483557	30.471036200274533	19.41927614979081
60-64	19.445073550809237	30.695451685589703	30.414990700472394	19.444484063128666
65-69	19.50891303880838	30.66329381808053	30.424268681978777	19.40352446113231
70-74	19.540164371699525	30.617187426085202	30.453355210220188	19.38929299199508
75-79	19.51053245764074	30.600815517556658	30.461598557386427	19.42705346741618
80-84	19.57904018740305	30.59616419230529	30.448676482636237	19.376119137655415
85-89	19.594730800467218	30.670731219855398	30.425700857635025	19.308837122042362
90-94	19.69163054380603	30.74256852261536	30.28755622333781	19.2782447102408
95-99	20.0243285471393	30.806535423417746	30.040378003241063	19.12875802620189
100	20.16350470340238	30.883724876124084	29.831405096526876	19.12136532394666
>>END_MODULE
>>Per base GC content	pass
#Base	%GC
1	34.693786789353254
2	35.42554872217828
3	37.56805765871877
4	39.428409986254806
5	38.75804860528704
6	39.90527653222563
7	39.494076849628485
8	37.95473102576884
9	38.561522501120386
10-14	38.6691633269588
15-19	38.86679647475758
20-24	38.96333991335036
25-29	38.967431820073806
30-34	39.05900952699728
35-39	39.04319037761279
40-44	39.089563091482745
45-49	39.12226319818169
50-54	39.01065203064606
55-59	38.89622785424191
60-64	38.8895576139379
65-69	38.91243749994069
70-74	38.92945736369461
75-79	38.937585925056915
80-84	38.95515932505846
85-89	38.90356792250958
90-94	38.96987525404683
95-99	39.15308657334119
100	39.28487002734904
>>END_MODULE
>>Per sequence GC content	pass
#GC Content	Count
0	94.0
1	140.5
2	266.0
3	399.5
4	509.5
5	602.5
6	642.5
7	705.5
8	838.5
9	1051.5
10	1554.5
11	2365.0
12	3098.5
13	3886.0
14	4970.0
15	6208.5
16	7479.5
17	9168.5
18	10836.5
19	11310.5
20	12464.0
21	15703.0
22	19358.0
23	24176.0
24	31862.5
25	40339.0
26	50465.0
27	64411.0
28	80853.5
29	101755.0
30	129845.0
31	164711.5
32	204459.0
33	248281.5
34	291049.5
35	331581.5
36	370594.0
37	400656.5
38	421615.0
39	433235.0
40	432329.5
41	419914.0
42	394857.0
43	360136.5
44	321720.5
45	280840.0
46	240303.5
47	204274.5
48	169993.5
49	138385.5
50	113872.0
51	91841.0
52	72232.5
53	55150.5
54	39717.0
55	29269.0
56	21954.0
57	16054.5
58	11870.0
59	8864.5
60	6616.0
61	4873.5
62	3967.0
63	3256.5
64	2152.0
65	1456.0
66	1053.0
67	778.5
68	605.5
69	467.5
70	355.0
71	295.0
72	255.5
73	219.0
74	195.5
75	174.0
76	162.0
77	147.5
78	133.0
79	130.5
80	121.5
81	116.5
82	100.5
83	88.0
84	78.5
85	68.0
86	66.5
87	51.0
88	42.0
89	39.5
90	25.5
91	12.5
92	7.0
93	2.5
94	1.0
95	1.5
96	1.0
97	0.0
98	1.0
99	1.0
100	0.0
>>END_MODULE
>>Per base N content	pass
#Base	N-Count
1	0.10339037320747246
2	0.07647523224732944
3	8.770425206029509E-4
4	4.744656258999571E-4
5	0.0015240411013756198
6	0.0
7	3.7382140222420857E-4
8	1.437774623939264E-4
9	8.626647743635583E-5
10-14	0.02430701779231719
15-19	0.008896949372936164
20-24	0.0028151627136730785
25-29	4.3133238718177913E-4
30-34	1.5815520863331903E-4
35-39	0.0011358419529120185
40-44	0.002470096803927655
45-49	0.012528768073006744
50-54	0.005843116071689168
55-59	0.001150219699151411
60-64	1.4377746239392636E-5
65-69	0.0051702375476855925
70-74	0.005676334215312214
75-79	0.0021509108374131386
80-84	0.0024844745501670477
85-89	0.004310448322569912
90-94	0.013851520727030867
95-99	0.008120551076008963
100	0.009388668294323391
>>END_MODULE
>>Sequence Length Distribution	pass
#Length	Count
100	6955193.0
>>END_MODULE
>>Sequence Duplication Levels	warn
#Total Duplicate Percentage	34.50020945988241
#Duplication Level	Relative count
1	100.0
2	26.388684682565355
3	5.257005910547829
4	1.5077778104507895
5	0.8807010321404417
6	0.7027964830770136
7	0.6182550651336489
8	0.48298879642426557
9	0.42564766077572264
10++	10.76469550386685
>>END_MODULE
>>Overrepresented sequences	pass
>>END_MODULE
>>Kmer Content	pass
>>END_MODULE
