##FastQC	0.10.0
>>Basic Statistics	pass
#Measure	Value	
Filename	3-011_M52bB_lib1_read-2.fastq.gz	
File type	Conventional base calls	
Encoding	Sanger / Illumina 1.9	
Total Sequences	8580682	
Filtered Sequences	0	
Sequence length	100	
%GC	38	
>>END_MODULE
>>Per base sequence quality	pass
#Base	Mean	Median	Lower Quartile	Upper Quartile	10th Percentile	90th Percentile
1	31.17455803629595	31.0	31.0	34.0	28.0	34.0
2	31.3691139002704	31.0	31.0	34.0	28.0	34.0
3	31.440952362527828	33.0	31.0	34.0	28.0	34.0
4	34.987875905435025	37.0	35.0	37.0	32.0	37.0
5	34.95922363746844	37.0	35.0	37.0	32.0	37.0
6	34.939019299398346	37.0	35.0	37.0	32.0	37.0
7	34.8849113625234	37.0	35.0	37.0	32.0	37.0
8	34.8969045817104	37.0	35.0	37.0	32.0	37.0
9	36.42202053403214	39.0	37.0	39.0	32.0	39.0
10-14	36.574410309110625	39.2	35.8	39.4	32.0	39.4
15-19	37.419079229366616	40.0	37.0	41.0	31.8	41.0
20-24	37.31129171317618	40.0	37.0	41.0	31.2	41.0
25-29	37.13383689082057	39.6	36.6	41.0	30.8	41.0
30-34	36.892021799665805	39.0	36.0	41.0	30.0	41.0
35-39	36.6245170721861	39.0	36.0	41.0	30.0	41.0
40-44	36.32850526333455	39.0	35.2	40.2	29.6	41.0
45-49	35.916537170355454	38.4	35.0	40.0	28.0	41.0
50-54	35.1876410289998	37.8	33.8	39.6	27.2	40.6
55-59	35.64677145709397	38.0	34.4	40.0	28.0	41.0
60-64	35.02916833417204	37.8	34.0	40.0	26.4	41.0
65-69	34.183538860897066	36.6	32.8	39.4	26.0	41.0
70-74	33.45536089089423	35.6	32.0	38.8	25.8	40.0
75-79	32.77027168702907	35.0	32.0	37.0	25.4	39.2
80-84	31.935541137639177	35.0	31.8	36.0	24.6	37.6
85-89	31.207961791382083	34.6	31.0	35.0	22.0	36.4
90-94	30.518582019471182	34.0	31.0	35.0	19.4	36.0
95-99	29.80685560891314	34.0	30.8	35.0	8.2	35.0
100	29.281112620185667	34.0	30.0	35.0	2.0	35.0
>>END_MODULE
>>Per sequence quality scores	pass
#Quality	Count
2	27478.0
3	6341.0
4	5587.0
5	6243.0
6	7435.0
7	8885.0
8	10883.0
9	13353.0
10	15800.0
11	18244.0
12	19726.0
13	20453.0
14	21162.0
15	21899.0
16	23171.0
17	24644.0
18	26792.0
19	29785.0
20	34132.0
21	39223.0
22	45915.0
23	54368.0
24	65708.0
25	79508.0
26	96178.0
27	117392.0
28	142997.0
29	176381.0
30	217236.0
31	268244.0
32	335331.0
33	425709.0
34	552213.0
35	751007.0
36	1110634.0
37	1708360.0
38	1651337.0
39	392571.0
40	8357.0
>>END_MODULE
>>Per base sequence content	fail
#Base	G	A	T	C
1	13.563491945822243	34.656587362562504	30.95543990446663	20.82448078714862
2	20.690309946496637	34.84769609157351	30.35369336395109	14.108300597978761
3	18.04189071563461	32.114077911563996	31.193364023407653	18.65066734939374
4	18.608724473747483	30.88222183037899	30.55740502712595	19.95164866874758
5	19.281069023522914	31.13543947523647	30.89296909318478	18.690522408055834
6	19.399075737802658	30.56318833398091	30.275588816832975	19.762147111383456
7	19.89973524249005	30.584969819415285	30.394005977613435	19.12128896048123
8	18.38401656185371	30.995007156773784	31.58360838917	19.037367892202507
9	18.615268576553706	30.23633785752694	31.84561553498894	19.30277803093041
10-14	19.03377476959045	31.022870372815593	30.964629773153018	18.978725084440946
15-19	19.135113844049243	30.858789538302016	30.902413395803908	19.103683221844832
20-24	19.27193439821148	30.792079916418125	30.811997345679142	19.123988339691255
25-29	19.277148537261812	30.84800118822369	30.712375020142296	19.1624752543722
30-34	19.295978326606665	30.805994465063385	30.694091158098068	19.20393605023188
35-39	19.343574321947834	30.84511464240255	30.646780757054042	19.16453027859557
40-44	19.369080015988484	30.823235404330674	30.65655116226531	19.151133417415533
45-49	19.34921296656929	30.795637023662163	30.637736665817776	19.21741334395077
50-54	19.324347349178183	30.81922732407977	30.66162802649971	19.194797300242335
55-59	19.276393733398375	30.866127244308277	30.700732471886976	19.156746550406364
60-64	19.254442135199486	30.883667694664414	30.671087026665038	19.190803143471065
65-69	19.348462633485305	30.8688200670885	30.635992447339532	19.14672485208666
70-74	19.306176348117095	30.865392179359773	30.697528498122463	19.130902974400666
75-79	19.267575903362832	30.862346020877386	30.706110588989954	19.163967486769824
80-84	19.33217609809347	30.863596237557456	30.691036511180485	19.113191153168586
85-89	19.359741227312526	30.97961332016801	30.633542238561734	19.02710321395773
90-94	19.458634622924965	30.962599354881746	30.520443530102963	19.058322492090323
95-99	19.71375468756446	31.028293555220905	30.329899185169662	18.928052572044972
100	19.75721743329959	31.042322743110628	30.206375204208708	18.99408461938107
>>END_MODULE
>>Per base GC content	pass
#Base	%GC
1	34.38797273297086
2	34.7986105444754
3	36.69255806502835
4	38.56037314249506
5	37.97159143157875
6	39.16122284918611
7	39.021024202971276
8	37.421384454056216
9	37.918046607484115
10-14	38.0124998540314
15-19	38.238797065894076
20-24	38.39592273790274
25-29	38.439623791634006
30-34	38.49991437683855
35-39	38.508104600543405
40-44	38.52021343340402
45-49	38.56662631052006
50-54	38.519144649420525
55-59	38.43314028380474
60-64	38.44524527867055
65-69	38.49518748557197
70-74	38.43707932251776
75-79	38.43154339013265
80-84	38.445367251262056
85-89	38.386844441270256
90-94	38.51695711501529
95-99	38.641807259609436
100	38.75130205268066
>>END_MODULE
>>Per sequence GC content	pass
#GC Content	Count
0	136.0
1	213.0
2	407.0
3	627.0
4	820.5
5	966.0
6	1046.0
7	1157.5
8	1383.5
9	1732.0
10	2406.5
11	3465.5
12	5005.0
13	7172.5
14	9771.5
15	11377.5
16	13283.0
17	16101.0
18	18917.0
19	21208.5
20	24903.0
21	31600.5
22	37117.5
23	42776.0
24	51646.0
25	61765.0
26	75311.0
27	93682.5
28	113646.0
29	140160.0
30	175677.5
31	217325.5
32	263978.5
33	314156.0
34	364395.0
35	412637.0
36	457674.5
37	492794.5
38	515165.0
39	524929.0
40	519486.5
41	498722.5
42	466256.5
43	426021.0
44	380434.0
45	331195.5
46	281483.5
47	237179.0
48	196595.5
49	160059.5
50	130837.0
51	104738.0
52	81661.0
53	61730.0
54	44924.0
55	33233.0
56	24963.5
57	18457.0
58	13699.5
59	10067.0
60	7480.5
61	5424.5
62	4202.5
63	3282.0
64	2116.5
65	1409.0
66	1079.0
67	824.0
68	628.0
69	491.0
70	397.0
71	358.0
72	317.0
73	276.0
74	235.5
75	191.0
76	172.0
77	168.0
78	167.0
79	152.0
80	133.5
81	122.0
82	112.5
83	117.5
84	106.0
85	92.0
86	82.0
87	69.5
88	65.0
89	52.5
90	38.5
91	28.5
92	22.5
93	18.5
94	16.0
95	13.5
96	6.5
97	2.0
98	0.5
99	0.5
100	0.0
>>END_MODULE
>>Per base N content	pass
#Base	N-Count
1	0.1734011352477577
2	0.02076758001287077
3	0.0386449468701905
4	0.0017830750516101169
5	0.007749966727586455
6	0.0
7	0.0
8	0.0
9	0.0
10-14	8.134551542639617E-4
15-19	0.0059971922977684064
20-24	0.002999761557414667
25-29	0.005586968495045032
30-34	6.969143012175489E-4
35-39	0.0
40-44	0.005906290432392204
45-49	9.416500926150158E-4
50-54	6.992451182784771E-4
55-59	0.001405482687739739
60-64	0.015740007612448523
65-69	0.012001377046719596
70-74	3.3796847383459733E-4
75-79	0.0034729174207831035
80-84	9.32326824371303E-6
85-89	0.0042397562338285
90-94	0.0020697655501042923
95-99	0.0
100	0.0
>>END_MODULE
>>Sequence Length Distribution	pass
#Length	Count
100	8580682.0
>>END_MODULE
>>Sequence Duplication Levels	warn
#Total Duplicate Percentage	38.72949521818988
#Duplication Level	Relative count
1	100.0
2	33.794786978578585
3	8.298214086926098
4	2.181899142825337
5	0.9517978403651342
6	0.7760690828708194
7	0.7466484311636266
8	0.6830362112561823
9	0.7021198772284156
10++	10.895978117396352
>>END_MODULE
>>Overrepresented sequences	pass
>>END_MODULE
>>Kmer Content	pass
>>END_MODULE
