##FastQC	0.10.0
>>Basic Statistics	pass
#Measure	Value	
Filename	3-010_SGU57_lib1_read-1.fastq.gz	
File type	Conventional base calls	
Encoding	Sanger / Illumina 1.9	
Total Sequences	8721106	
Filtered Sequences	0	
Sequence length	100	
%GC	37	
>>END_MODULE
>>Per base sequence quality	pass
#Base	Mean	Median	Lower Quartile	Upper Quartile	10th Percentile	90th Percentile
1	31.685894770686193	31.0	31.0	34.0	30.0	34.0
2	31.96595741411697	31.0	31.0	34.0	30.0	34.0
3	32.080857634341335	33.0	31.0	34.0	30.0	34.0
4	35.73706866995998	37.0	35.0	37.0	33.0	37.0
5	35.58119623818355	37.0	35.0	37.0	33.0	37.0
6	35.545033623029006	37.0	35.0	37.0	33.0	37.0
7	35.51569777961648	37.0	35.0	37.0	33.0	37.0
8	35.488872856263875	37.0	35.0	37.0	33.0	37.0
9	37.10312682817982	39.0	37.0	39.0	33.0	39.0
10-14	37.29145055684451	39.2	37.2	39.4	33.0	39.4
15-19	38.17209762156314	40.0	37.0	41.0	33.0	41.0
20-24	38.03444402579214	40.0	37.0	41.0	33.0	41.0
25-29	37.689121265123944	40.0	37.0	41.0	32.0	41.0
30-34	37.3266751258384	39.0	36.2	41.0	31.2	41.0
35-39	37.27302793934622	39.0	36.0	41.0	31.0	41.0
40-44	37.019049189403276	39.0	36.0	40.8	30.6	41.0
45-49	36.75545048988052	39.0	36.0	40.4	30.0	41.0
50-54	36.552229843324916	39.0	35.4	40.4	30.0	41.0
55-59	36.03808760035711	38.4	34.8	40.0	28.6	41.0
60-64	35.358428529592466	37.8	34.0	40.0	27.8	41.0
65-69	34.50893044987642	36.6	33.4	39.4	26.4	41.0
70-74	33.498495190862265	35.6	32.2	38.6	25.8	40.0
75-79	32.196662327003025	34.6	31.0	36.6	24.4	39.2
80-84	31.92616457132845	34.8	31.0	36.0	24.6	38.2
85-89	31.10439595620097	34.0	31.0	35.0	21.6	36.6
90-94	30.273733010469083	34.0	30.4	35.0	18.6	36.0
95-99	29.3627381664665	34.0	29.8	35.0	4.8	35.2
100	28.74283559906278	34.0	29.0	35.0	2.0	35.0
>>END_MODULE
>>Per sequence quality scores	pass
#Quality	Count
2	44.0
3	22.0
4	45.0
5	126.0
6	345.0
7	1093.0
8	2982.0
9	5239.0
10	7876.0
11	10368.0
12	12929.0
13	15943.0
14	18437.0
15	21127.0
16	23650.0
17	26817.0
18	29909.0
19	33041.0
20	35945.0
21	39141.0
22	44028.0
23	50182.0
24	60092.0
25	74355.0
26	93906.0
27	118553.0
28	151037.0
29	188298.0
30	233064.0
31	288539.0
32	355186.0
33	447315.0
34	574702.0
35	769577.0
36	1110214.0
37	1681578.0
38	1699049.0
39	489823.0
40	6529.0
>>END_MODULE
>>Per base sequence content	fail
#Base	G	A	T	C
1	14.100926423262496	33.8070234635743	32.81135947334353	19.28069063981967
2	20.751632075854634	35.38814246181274	30.429101735078895	13.431123727253736
3	17.735170286887925	31.805977361128278	32.90020784061104	17.558644511372755
4	17.91070994894455	31.728877048392718	31.783675143955364	18.57673785870737
5	18.409385231643785	31.662612517265586	31.959570265514486	17.968431985576142
6	18.39342395333803	31.26601144396135	31.46431198061347	18.876252622087154
7	18.921063452273142	31.33729827386572	31.429694811644303	18.311943462216835
8	17.965381913715987	31.50307999925698	32.15235544666009	18.379182640366945
9	18.104761305220336	30.71549896691289	32.557007270653685	18.622732457213083
10-14	18.287330643200146	31.61471790707161	31.70654853784207	18.391402911886168
15-19	18.370001532656115	31.453192606621023	31.614177685962634	18.562628174760224
20-24	18.509158207815556	31.401413465437734	31.497631102780115	18.591797223966594
25-29	18.675112145371802	31.371555034557012	31.344965394824616	18.608367425246566
30-34	18.665772187258543	31.324057019553514	31.307334263313052	18.70283652987489
35-39	18.74490460269603	31.314230098797104	31.267002143994123	18.673863154512745
40-44	18.710621582280826	31.346906086957162	31.29818472626507	18.64428760449694
45-49	18.71746347641564	31.317635088767677	31.290776797022918	18.67412463779377
50-54	18.75517257870675	31.289786321076114	31.242420117126414	18.712620983090726
55-59	18.753754192121477	31.32298263582008	31.260090063228102	18.663173108830343
60-64	18.730229707659912	31.295168046581885	31.272778026746888	18.701824219011318
65-69	18.752357534830967	31.38859286037713	31.20626039697659	18.652789207815317
70-74	18.79380361349467	31.371917444076335	31.189661203971358	18.64461773845763
75-79	18.74989938007116	31.359717289074602	31.20614433101473	18.68423899983951
80-84	18.834180470921936	31.400843852053306	31.120974036305793	18.644001640718965
85-89	18.882722679030888	31.550089293843598	30.994029570745102	18.57315845638041
90-94	19.102697501886333	31.518181624915165	30.745685852070693	18.63343502112781
95-99	19.39291276708442	31.697010188282604	30.366920179646662	18.54315686498631
100	19.411746629383934	31.720196956670403	30.049124503245345	18.818931910700318
>>END_MODULE
>>Per base GC content	pass
#Base	%GC
1	33.38161706308217
2	34.182755803108364
3	35.293814798260684
4	36.48744780765192
5	36.37781721721993
6	37.26967657542518
7	37.23300691448998
8	36.344564554082936
9	36.72749376243342
10-14	36.67873355508632
15-19	36.93262970741634
20-24	37.100955431782154
25-29	37.28347957061837
30-34	37.368608717133434
35-39	37.41876775720878
40-44	37.35490918677777
45-49	37.39158811420941
50-54	37.46779356179747
55-59	37.41692730095182
60-64	37.43205392667123
65-69	37.40514674264628
70-74	37.4384213519523
75-79	37.43413837991067
80-84	37.4781821116409
85-89	37.4558811354113
90-94	37.73613252301414
95-99	37.93606963207073
100	38.23067854008425
>>END_MODULE
>>Per sequence GC content	warn
#GC Content	Count
0	139.0
1	284.5
2	540.5
3	783.0
4	1044.5
5	1262.0
6	1427.0
7	1633.0
8	2090.0
9	3377.0
10	5566.0
11	8732.0
12	12038.0
13	16457.0
14	22256.0
15	29479.0
16	35228.5
17	40890.5
18	46288.0
19	48155.5
20	51446.5
21	57195.0
22	64111.5
23	74057.5
24	87268.5
25	96804.5
26	108130.0
27	123307.0
28	137961.0
29	160288.5
30	190794.0
31	228737.0
32	273691.0
33	322073.5
34	368404.0
35	410609.5
36	447963.5
37	474879.0
38	490214.5
39	494065.5
40	486389.0
41	465087.0
42	430812.0
43	390785.0
44	347702.5
45	301972.0
46	257415.5
47	218734.0
48	183597.5
49	152796.5
50	127804.5
51	103049.5
52	82083.5
53	63254.0
54	45114.0
55	32947.0
56	24283.0
57	17391.5
58	12735.5
59	9519.5
60	7054.5
61	5031.5
62	4175.0
63	3297.0
64	2111.0
65	1482.0
66	1070.0
67	771.5
68	574.5
69	454.0
70	330.0
71	264.0
72	213.5
73	173.5
74	154.0
75	124.5
76	114.0
77	131.0
78	115.5
79	89.0
80	73.0
81	56.0
82	42.0
83	31.0
84	25.0
85	17.0
86	12.0
87	8.5
88	7.0
89	10.5
90	9.5
91	3.0
92	1.0
93	0.5
94	0.5
95	0.5
96	0.0
97	0.5
98	1.5
99	1.0
100	0.0
>>END_MODULE
>>Per base N content	pass
#Base	N-Count
1	0.09202961184051656
2	4.586574225792004E-5
3	0.0
4	0.0
5	0.0
6	0.0
7	0.0
8	0.0
9	0.0018002303836233617
10-14	5.824949266755845E-4
15-19	0.003414704511102147
20-24	5.022298777242244E-4
25-29	0.00477233048193658
30-34	6.375338173850886E-4
35-39	0.0
40-44	9.76940310093697E-4
45-49	0.005980892790432773
50-54	0.020742781936144337
55-59	0.005978599503319877
60-64	0.0029377007916197785
65-69	0.007593073630798663
70-74	0.0035224890054082587
75-79	0.0019447074717358096
80-84	5.870815009013765E-4
85-89	0.005274560359660804
90-94	0.0026349868927175064
95-99	0.003930694111503747
100	0.0
>>END_MODULE
>>Sequence Length Distribution	pass
#Length	Count
100	8721106.0
>>END_MODULE
>>Sequence Duplication Levels	warn
#Total Duplicate Percentage	45.29145236345824
#Duplication Level	Relative count
1	100.0
2	33.29602686066033
3	8.232964573199604
4	2.2065343721751107
5	1.0778700873832379
6	0.9435667857604063
7	0.870388704747966
8	0.8566140071456244
9	0.9211829021566011
10++	23.77857173604236
>>END_MODULE
>>Overrepresented sequences	pass
>>END_MODULE
>>Kmer Content	warn
#Sequence	Count	Obs/Exp Overall	Obs/Exp Max	Max Obs/Exp Position
GGAAG	1117885	2.0650265	5.960151	95-96
CGGAA	816375	1.5182655	5.5697484	95-96
ATCGG	683920	1.2801667	5.9113097	95-96
GATCG	670685	1.2553936	6.085622	95-96
TCGGA	653265	1.2227867	5.5496593	95-96
>>END_MODULE
